 THIS IS PARVMEC (PARALLEL VMEC), VERSION 9.0
 Lambda: Full Radial Mesh. L-Force: hybrid full/half.

 COMPUTER:    OS:    RELEASE:   DATE = Jul 07,2020  TIME = 09:54:40
 SHOT ID.: QAxys_SENACtoVMEC_ordern2_nmodes2.txt  SEQ. NO.:   0
 TIME SLICE =    0. ms

 COMPUTATION PARAMETERS: (u = theta, v = zeta)
 ---------------------------------------------
     ns     nu     nv     mu     mv
    201     30     22     12      9

 CONFIGURATION PARAMETERS:
 ---------------------------------------
    nfp      gamma      spres_ped    phiedge(wb)     curtor(A)        lRFP
      1  0.000E+00      1.000E+00      1.000E+00     0.000E+00           F

 RUN CONTROL PARAMETERS:
 -----------------------
  ncurr  niter   nsin  nstep  nvacskip      ftol     tcon0    lasym  lforbal lmove_axis lconm1
      1   3500      8    200         1  1.00E-17  2.00E+00        F        F        T        T
  mfilter_fbdy nfilter_fbdy lfull3d1out max_main_iterations lgiveup fgiveup
           -1           -1           T                   1       F  3.0E+01

 PRECONDITIONER CONTROL PARAMETERS:
 ----------------------------------
  precon_type   prec2d_threshold
  NONE                  1.00E-30

 MASS PROFILE COEFFICIENTS - newton/m**2 (EXPANSION IN NORMALIZED RADIUS):
 PMASS parameterization type is 'power_series'
 -----------------------------------


 TOROIDAL CURRENT DENSITY (*V') COEFFICIENTS ac (EXPANSION IN NORMALIZED RADIUS):
 PCURR parameterization type is 'power_series'
 --------------------------------------


 NORMALIZED TOROIDAL FLUX COEFFICIENTS aphi (EXPANSION IN S):
 -----------------------------------
   1.000E+00

 R-Z FOURIER BOUNDARY COEFFICIENTS AND MAGNETIC AXIS INITIAL GUESS
 R = RBC*COS(m*u - n*v) + RBS*SIN(m*u - n*v), Z = ZBC*COS(m*u - n*v) + ZBS*SIN(m*u-n*v)
 --------------------------------------------------------------------------------------
   nb  mb     rbc         rbs         zbc         zbs       raxis(c)    raxis(s)    zaxis(c)    zaxis(s)
    0   0  4.0000E+00  0.0000E+00  0.0000E+00  0.0000E+00  4.0000E+00  0.0000E+00  0.0000E+00  0.0000E+00
    1   0 -4.9556E-08  0.0000E+00  0.0000E+00  5.6500E-08  0.0000E+00  0.0000E+00  0.0000E+00  0.0000E+00
    2   0 -6.3343E-09  0.0000E+00  0.0000E+00 -2.4198E-08  0.0000E+00  0.0000E+00  0.0000E+00  0.0000E+00
    4   0  1.4443E-08  0.0000E+00  0.0000E+00 -2.1540E-08  0.0000E+00  0.0000E+00  0.0000E+00  0.0000E+00
   -5   1 -7.3265E-09  0.0000E+00  0.0000E+00  1.1509E-08
   -4   1 -5.5547E-10  0.0000E+00  0.0000E+00 -3.1196E-08
   -3   1 -1.9874E-08  0.0000E+00  0.0000E+00  4.4395E-08
   -2   1  9.2662E-09  0.0000E+00  0.0000E+00  3.4246E-08
   -1   1  3.7438E-02  0.0000E+00  0.0000E+00  3.7438E-02
    0   1 -2.7687E-01  0.0000E+00  0.0000E+00  2.7687E-01
    1   1 -1.1606E-08  0.0000E+00  0.0000E+00  4.5173E-08
    2   1  2.8029E-08  0.0000E+00  0.0000E+00  6.3580E-08
    3   1  2.8240E-09  0.0000E+00  0.0000E+00 -6.6520E-08
    4   1  1.6047E-08  0.0000E+00  0.0000E+00  3.0611E-08
   -2   2  3.8853E-08  0.0000E+00  0.0000E+00  4.7029E-08
   -1   2  4.5860E-08  0.0000E+00  0.0000E+00 -2.9936E-08
    0   2  2.6382E-08  0.0000E+00  0.0000E+00 -2.3263E-08
    1   2  1.5344E-08  0.0000E+00  0.0000E+00  4.0438E-08
    2   2  1.1756E-08  0.0000E+00  0.0000E+00 -1.3078E-08
    3   2 -2.6930E-08  0.0000E+00  0.0000E+00  4.7613E-08
   -5   3 -1.1386E-10  0.0000E+00  0.0000E+00  1.3082E-08
   -4   3  1.1003E-08  0.0000E+00  0.0000E+00 -2.4218E-08
   -3   3 -5.0278E-09  0.0000E+00  0.0000E+00 -1.6799E-08
   -2   3 -7.5471E-03  0.0000E+00  0.0000E+00 -7.5471E-03
   -1   3  3.7438E-02  0.0000E+00  0.0000E+00 -3.7438E-02
    0   3  3.8341E-09  0.0000E+00  0.0000E+00 -2.3612E-08
    1   3 -2.4286E-08  0.0000E+00  0.0000E+00 -5.6943E-08
    2   3 -7.5520E-09  0.0000E+00  0.0000E+00  1.1687E-07
    3   3 -3.1046E-08  0.0000E+00  0.0000E+00 -7.2694E-08
    4   3 -3.0679E-09  0.0000E+00  0.0000E+00 -1.7091E-08
    5   3  4.0354E-09  0.0000E+00  0.0000E+00  1.7025E-08
   -3   4 -1.9978E-08  0.0000E+00  0.0000E+00 -2.5713E-08
   -2   4 -3.6447E-08  0.0000E+00  0.0000E+00  3.3487E-08
   -1   4 -4.2842E-08  0.0000E+00  0.0000E+00  2.2920E-08
    0   4 -1.8350E-08  0.0000E+00  0.0000E+00 -2.9283E-08
    1   4 -1.3299E-08  0.0000E+00  0.0000E+00  2.9901E-08
    2   4  4.0607E-08  0.0000E+00  0.0000E+00 -8.7894E-08
    3   4  2.1172E-08  0.0000E+00  0.0000E+00  2.5169E-08
    4   4  1.6896E-08  0.0000E+00  0.0000E+00  1.9190E-08
   -5   5 -5.2838E-09  0.0000E+00  0.0000E+00  1.1416E-08
   -3   5  1.6878E-03  0.0000E+00  0.0000E+00  1.6878E-03
   -2   5 -7.5471E-03  0.0000E+00  0.0000E+00  7.5470E-03
   -1   5 -1.3382E-09  0.0000E+00  0.0000E+00  3.5935E-08
    1   5  1.0775E-08  0.0000E+00  0.0000E+00 -1.3550E-07
    2   5  4.8939E-08  0.0000E+00  0.0000E+00  1.4264E-07
    3   5  1.0778E-08  0.0000E+00  0.0000E+00  2.2194E-08
    4   5 -7.9043E-09  0.0000E+00  0.0000E+00 -3.9290E-08
    5   5 -4.7988E-09  0.0000E+00  0.0000E+00 -1.9351E-08
   -4   6  8.5576E-09  0.0000E+00  0.0000E+00  1.1562E-08
   -3   6  1.9456E-08  0.0000E+00  0.0000E+00 -2.3387E-08
   -2   6  3.0929E-08  0.0000E+00  0.0000E+00 -1.0034E-08
   -1   6  4.9490E-08  0.0000E+00  0.0000E+00  5.9491E-08
    0   6  7.5660E-09  0.0000E+00  0.0000E+00 -2.5125E-08
    1   6 -4.0446E-08  0.0000E+00  0.0000E+00  1.0920E-07
    2   6 -4.1306E-08  0.0000E+00  0.0000E+00 -5.7052E-08
    3   6 -3.5032E-08  0.0000E+00  0.0000E+00 -3.7962E-08
    4   6 -8.2234E-09  0.0000E+00  0.0000E+00  2.1792E-08
    5   6  1.5607E-08  0.0000E+00  0.0000E+00  4.3010E-09
   -4   7 -3.9609E-04  0.0000E+00  0.0000E+00 -3.9606E-04
   -3   7  1.6878E-03  0.0000E+00  0.0000E+00 -1.6878E-03
   -2   7 -1.4206E-10  0.0000E+00  0.0000E+00 -2.4808E-08
   -1   7  1.9706E-08  0.0000E+00  0.0000E+00  5.3946E-08
    0   7 -7.2126E-09  0.0000E+00  0.0000E+00  5.1465E-08
    1   7 -5.0570E-08  0.0000E+00  0.0000E+00 -1.8357E-07
    2   7 -2.6365E-08  0.0000E+00  0.0000E+00 -8.0446E-09
    3   7  1.2801E-08  0.0000E+00  0.0000E+00  7.9396E-08
    4   7  1.0132E-08  0.0000E+00  0.0000E+00  4.0974E-08
   -4   8 -8.8625E-09  0.0000E+00  0.0000E+00  1.2760E-08
   -3   8 -1.4382E-08  0.0000E+00  0.0000E+00 -3.3563E-11
   -2   8 -4.3453E-08  0.0000E+00  0.0000E+00 -4.7536E-08
   -1   8 -1.5192E-08  0.0000E+00  0.0000E+00  5.4475E-08
    0   8  8.3197E-09  0.0000E+00  0.0000E+00 -4.6425E-08
    1   8  5.2734E-08  0.0000E+00  0.0000E+00  8.5177E-08
    2   8  6.1481E-08  0.0000E+00  0.0000E+00  5.6742E-08
    3   8  2.0941E-08  0.0000E+00  0.0000E+00 -4.6482E-08
    4   8 -3.3297E-08  0.0000E+00  0.0000E+00 -1.0555E-08
    5   8 -6.9146E-09  0.0000E+00  0.0000E+00 -1.4774E-08
   -5   9  9.5574E-05  0.0000E+00  0.0000E+00  9.5559E-05
   -4   9 -3.9607E-04  0.0000E+00  0.0000E+00  3.9603E-04
   -3   9  1.0886E-09  0.0000E+00  0.0000E+00  1.0447E-08
   -2   9 -2.2826E-08  0.0000E+00  0.0000E+00 -6.0141E-08
   -1   9  1.2542E-08  0.0000E+00  0.0000E+00 -4.2042E-08
    0   9  1.5111E-08  0.0000E+00  0.0000E+00  9.1754E-08
    1   9  3.8018E-08  0.0000E+00  0.0000E+00 -2.9307E-08
    2   9 -1.4354E-08  0.0000E+00  0.0000E+00 -1.2847E-07
    3   9 -1.8794E-08  0.0000E+00  0.0000E+00 -7.4128E-08
    4   9 -4.9509E-09  0.0000E+00  0.0000E+00  2.0516E-08
    5   9  1.2830E-08  0.0000E+00  0.0000E+00  1.8285E-08
   -3  10  2.5420E-08  0.0000E+00  0.0000E+00  2.4442E-08
   -2  10  1.2625E-08  0.0000E+00  0.0000E+00 -4.5485E-08
   -1  10  8.4114E-09  0.0000E+00  0.0000E+00  5.2814E-08
    0  10 -2.6000E-08  0.0000E+00  0.0000E+00 -6.1786E-08
    1  10 -7.2827E-08  0.0000E+00  0.0000E+00 -5.1158E-08
    2  10 -4.3881E-08  0.0000E+00  0.0000E+00  8.3584E-08
    3  10  6.1750E-08  0.0000E+00  0.0000E+00  2.0843E-08
    4  10  1.7101E-08  0.0000E+00  0.0000E+00  3.4182E-08
    5  10 -1.8246E-08  0.0000E+00  0.0000E+00  1.7751E-08
   -6  11 -2.3483E-05  0.0000E+00  0.0000E+00 -2.3476E-05
   -5  11  9.5567E-05  0.0000E+00  0.0000E+00 -9.5546E-05
   -3  11  1.5869E-08  0.0000E+00  0.0000E+00  4.1729E-08
   -2  11 -7.3200E-09  0.0000E+00  0.0000E+00  1.3371E-08
   -1  11 -4.7803E-09  0.0000E+00  0.0000E+00 -1.3382E-07
    0  11 -2.2914E-08  0.0000E+00  0.0000E+00  6.6792E-08
    1  11  7.0708E-09  0.0000E+00  0.0000E+00  1.3452E-07
    2  11  2.8145E-08  0.0000E+00  0.0000E+00  1.0223E-07
    3  11  1.1897E-08  0.0000E+00  0.0000E+00 -4.4580E-08
    4  11 -2.6621E-08  0.0000E+00  0.0000E+00 -4.0363E-08
    5  11  1.3680E-08  0.0000E+00  0.0000E+00 -5.6090E-09
 FSQR, FSQZ = Normalized Physical Force Residuals
 fsqr, fsqz = Preconditioned Force Residuals
 -----------------------
 BEGIN FORCE ITERATIONS
 -----------------------


  NS =    8 NO. FOURIER MODES =  219 FTOLV =  1.000E-09 NITER =   3500
  PROCESSOR COUNT - RADIAL:    4

  ITER    FSQR      FSQZ      FSQL      fsqr      fsqz      fsql      DELT    RAX(v=0)      WMHD      BETA      <M>        

     1   4.23E+00  3.92E+00  3.26E-01  2.83E-03  2.36E-03  6.96E-03  8.00E-01  4.000E+00  5.6012E+01  0.000E+00  2.011
   200   5.12E-06  4.64E-06  1.09E-05  2.09E-09  1.97E-09  8.41E-09  4.25E-01  3.996E+00  5.0206E+01  0.000E+00  5.913
   400   7.21E-08  6.02E-08  2.10E-07  3.68E-11  2.90E-11  9.23E-11  4.25E-01  3.998E+00  5.0204E+01  0.000E+00  5.381
   600   1.79E-08  1.29E-08  3.99E-08  2.95E-11  1.64E-11  4.53E-11  4.25E-01  4.002E+00  5.0203E+01  0.000E+00  4.895
   800   2.56E-09  1.95E-09  4.17E-09  4.95E-12  2.21E-12  6.85E-12  4.25E-01  4.004E+00  5.0203E+01  0.000E+00  3.693
  1000   1.15E-09  1.42E-09  8.84E-10  8.41E-13  5.15E-13  1.23E-12  4.25E-01  4.005E+00  5.0202E+01  0.000E+00  3.593
  1002   6.79E-10  8.12E-10  8.38E-10  8.16E-13  4.70E-13  1.27E-12  4.25E-01  4.005E+00  5.0202E+01  0.000E+00  3.593

 MHD Energy = 5.020243E+01   d(ln W)/dt = 3.338E-09   d(ln R0)/dt = 1.062E-06

  NS =   12 NO. FOURIER MODES =  219 FTOLV =  1.000E-11 NITER =   3500
  PROCESSOR COUNT - RADIAL:    4

  ITER    FSQR      FSQZ      FSQL      fsqr      fsqz      fsql      DELT    RAX(v=0)      WMHD      BETA      <M>        

     1   1.92E-02  2.00E-02  3.67E-03  8.68E-07  7.82E-07  9.42E-07  8.00E-01  4.005E+00  5.0212E+01  0.000E+00  3.708
   200   4.35E-08  3.98E-08  3.89E-08  8.44E-12  9.13E-12  1.18E-11  4.25E-01  4.005E+00  5.0203E+01  0.000E+00  3.667
   400   4.49E-09  3.35E-09  5.21E-09  2.74E-12  2.14E-12  3.41E-12  4.25E-01  4.005E+00  5.0202E+01  0.000E+00  3.414
   600   3.47E-10  2.71E-10  5.12E-10  2.67E-13  2.75E-13  6.07E-13  4.25E-01  4.005E+00  5.0202E+01  0.000E+00  3.248
   800   1.57E-10  1.34E-10  9.91E-11  1.55E-13  1.33E-13  3.23E-13  4.25E-01  4.005E+00  5.0202E+01  0.000E+00  3.199
  1000   1.35E-10  1.25E-10  8.12E-11  6.78E-14  4.71E-14  1.28E-13  4.25E-01  4.004E+00  5.0202E+01  0.000E+00  3.198
  1200   4.97E-11  4.15E-11  3.04E-11  3.59E-14  2.11E-14  6.13E-14  4.25E-01  4.004E+00  5.0202E+01  0.000E+00  3.218
  1400   5.60E-11  5.02E-11  2.80E-11  3.88E-14  1.98E-14  7.10E-14  4.25E-01  4.004E+00  5.0202E+01  0.000E+00  3.218
  1600   6.06E-11  6.68E-11  2.80E-11  3.14E-14  2.13E-14  6.66E-14  4.25E-01  4.004E+00  5.0202E+01  0.000E+00  3.218
  1800   5.21E-11  5.99E-11  2.40E-11  2.62E-14  2.17E-14  6.14E-14  4.25E-01  4.004E+00  5.0202E+01  0.000E+00  3.226
  2000   4.55E-11  5.02E-11  2.15E-11  2.63E-14  2.18E-14  6.05E-14  4.25E-01  4.004E+00  5.0202E+01  0.000E+00  3.226
  2200   4.37E-11  4.94E-11  2.14E-11  2.81E-14  2.18E-14  6.16E-14  4.25E-01  4.004E+00  5.0202E+01  0.000E+00  3.226
  2400   4.08E-11  4.85E-11  2.21E-11  3.24E-14  2.27E-14  6.40E-14  4.25E-01  4.004E+00  5.0202E+01  0.000E+00  3.226
  2600   3.94E-11  4.80E-11  2.22E-11  3.64E-14  2.41E-14  6.64E-14  4.25E-01  4.005E+00  5.0202E+01  0.000E+00  3.226
  2800   3.94E-11  4.76E-11  2.28E-11  3.99E-14  2.49E-14  6.81E-14  4.25E-01  4.005E+00  5.0202E+01  0.000E+00  3.226
  3000   3.93E-11  4.70E-11  2.35E-11  4.21E-14  2.59E-14  6.94E-14  4.25E-01  4.005E+00  5.0202E+01  0.000E+00  3.226
  3200   4.15E-11  4.86E-11  2.48E-11  4.28E-14  2.70E-14  7.05E-14  4.25E-01  4.006E+00  5.0202E+01  0.000E+00  3.226
  3400   4.70E-11  5.43E-11  2.72E-11  4.22E-14  2.78E-14  7.13E-14  4.25E-01  4.006E+00  5.0202E+01  0.000E+00  3.226
  3500   5.08E-11  5.97E-11  2.90E-11  4.16E-14  2.82E-14  7.17E-14  4.25E-01  4.006E+00  5.0202E+01  0.000E+00  3.226

 MHD Energy = 5.020233E+01   d(ln W)/dt = 5.020E-10   d(ln R0)/dt = 5.464E-07

  NS =   16 NO. FOURIER MODES =  219 FTOLV =  1.000E-11 NITER =   3000
