 THIS IS PARVMEC (PARALLEL VMEC), VERSION 9.0
 Lambda: Full Radial Mesh. L-Force: hybrid full/half.

 COMPUTER:    OS:    RELEASE:   DATE = Sep 23,2019  TIME = 12:39:08
 SHOT ID.: TJII_SENACtoVMEC_ordern3_nmodes3.txt  SEQ. NO.:   0
 TIME SLICE =    0. ms

 COMPUTATION PARAMETERS: (u = theta, v = zeta)
 ---------------------------------------------
     ns     nu     nv     mu     mv
     49     26     36     10     10

 CONFIGURATION PARAMETERS:
 ---------------------------------------
    nfp      gamma      spres_ped    phiedge(wb)     curtor(A)        lRFP
      4  0.000E+00      1.000E+00      9.531E-02     0.000E+00           F

 RUN CONTROL PARAMETERS:
 -----------------------
  ncurr  niter   nsin  nstep  nvacskip      ftol     tcon0    lasym  lforbal lmove_axis lconm1
      1  12000     16    100         1  1.00E-11  2.00E+00        F        F        T        T
  mfilter_fbdy nfilter_fbdy lfull3d1out max_main_iterations lgiveup fgiveup
           -1           -1           T                   1       F  3.0E+01

 PRECONDITIONER CONTROL PARAMETERS:
 ----------------------------------
  precon_type   prec2d_threshold
  NONE                  1.00E-30

 MASS PROFILE COEFFICIENTS - newton/m**2 (EXPANSION IN NORMALIZED RADIUS):
 PMASS parameterization type is 'power_series'
 -----------------------------------


 TOROIDAL CURRENT DENSITY (*V') COEFFICIENTS ac (EXPANSION IN NORMALIZED RADIUS):
 PCURR parameterization type is 'power_series'
 --------------------------------------


 NORMALIZED TOROIDAL FLUX COEFFICIENTS aphi (EXPANSION IN S):
 -----------------------------------
   1.000E+00

 R-Z FOURIER BOUNDARY COEFFICIENTS AND MAGNETIC AXIS INITIAL GUESS
 R = RBC*COS(m*u - n*v) + RBS*SIN(m*u - n*v), Z = ZBC*COS(m*u - n*v) + ZBS*SIN(m*u-n*v)
 --------------------------------------------------------------------------------------
   nb  mb     rbc         rbs         zbc         zbs       raxis(c)    raxis(s)    zaxis(c)    zaxis(s)
    0   0  1.5062E+00  0.0000E+00  0.0000E+00  0.0000E+00  1.5062E+00  0.0000E+00  0.0000E+00  0.0000E+00
    1   0  2.2967E-01  0.0000E+00  0.0000E+00  2.3298E-01  2.2967E-01  0.0000E+00  0.0000E+00  2.3298E-01
    2   0  2.4435E-03  0.0000E+00  0.0000E+00  2.5890E-04  2.4437E-03  0.0000E+00  0.0000E+00  2.5860E-04
    3   0  9.0330E-04  0.0000E+00  0.0000E+00  2.5802E-04  9.0333E-04  0.0000E+00  0.0000E+00  2.5705E-04
    4   0 -4.8108E-05  0.0000E+00  0.0000E+00  1.0757E-04 -4.8368E-05  0.0000E+00  0.0000E+00  1.0838E-04
    5   0  2.3610E-04  0.0000E+00  0.0000E+00 -2.1417E-05  2.3603E-04  0.0000E+00  0.0000E+00 -2.2673E-05
    6   0  6.2619E-05  0.0000E+00  0.0000E+00  1.7609E-04  6.2624E-05  0.0000E+00  0.0000E+00  1.7626E-04
    7   0 -9.7319E-05  0.0000E+00  0.0000E+00  1.1883E-04 -9.7440E-05  0.0000E+00  0.0000E+00  1.1883E-04
    8   0  2.1226E-05  0.0000E+00  0.0000E+00 -2.7080E-05  2.1336E-05  0.0000E+00  0.0000E+00 -2.7791E-05
    9   0  0.0000E+00  0.0000E+00  0.0000E+00  0.0000E+00  1.0506E-04  0.0000E+00  0.0000E+00  8.5399E-05
   10   0  0.0000E+00  0.0000E+00  0.0000E+00  0.0000E+00  1.8470E-05  0.0000E+00  0.0000E+00  1.0398E-05
   -8   1 -7.5542E-04  0.0000E+00  0.0000E+00  1.4643E-03
   -7   1 -3.9982E-04  0.0000E+00  0.0000E+00 -8.1924E-04
   -6   1 -6.9998E-04  0.0000E+00  0.0000E+00 -1.4337E-04
   -5   1 -2.0283E-03  0.0000E+00  0.0000E+00  2.4619E-03
   -4   1  4.1176E-03  0.0000E+00  0.0000E+00 -4.6141E-03
   -3   1 -1.0769E-02  0.0000E+00  0.0000E+00  1.0942E-02
   -2   1  3.5071E-02  0.0000E+00  0.0000E+00 -3.7312E-02
   -1   1 -1.4028E-01  0.0000E+00  0.0000E+00  1.4602E-01
    0   1 -5.3465E-02  0.0000E+00  0.0000E+00  3.9626E-02
    1   1  1.9219E-02  0.0000E+00  0.0000E+00  1.3223E-02
    2   1  6.5318E-03  0.0000E+00  0.0000E+00  1.0101E-02
    3   1 -1.6207E-04  0.0000E+00  0.0000E+00  6.3982E-04
    4   1  1.1954E-03  0.0000E+00  0.0000E+00 -1.2715E-03
    5   1  4.2611E-04  0.0000E+00  0.0000E+00  9.6922E-05
    6   1 -2.6432E-04  0.0000E+00  0.0000E+00  7.2292E-04
    7   1  2.7691E-03  0.0000E+00  0.0000E+00 -2.6791E-03
    8   1  2.5597E-04  0.0000E+00  0.0000E+00 -6.6125E-04
   -8   2  1.6995E-07  0.0000E+00  0.0000E+00 -1.3843E-07
   -7   2  1.3383E-07  0.0000E+00  0.0000E+00  1.0901E-06
   -6   2 -7.5289E-08  0.0000E+00  0.0000E+00 -9.0545E-07
   -5   2 -1.9550E-07  0.0000E+00  0.0000E+00  1.1353E-06
   -4   2 -1.4265E-07  0.0000E+00  0.0000E+00  4.3969E-10
   -3   2  1.0262E-07  0.0000E+00  0.0000E+00 -3.5476E-07
   -2   2 -4.7884E-08  0.0000E+00  0.0000E+00  1.6427E-06
   -1   2 -2.7030E-07  0.0000E+00  0.0000E+00 -8.5740E-07
    0   2 -6.3036E-09  0.0000E+00  0.0000E+00 -2.1224E-06
    1   2  2.1752E-08  0.0000E+00  0.0000E+00  1.0006E-06
    2   2 -9.5135E-08  0.0000E+00  0.0000E+00  1.4311E-06
    3   2  2.2267E-07  0.0000E+00  0.0000E+00 -1.3976E-06
    4   2  2.9167E-07  0.0000E+00  0.0000E+00  6.3945E-07
    5   2 -6.2264E-08  0.0000E+00  0.0000E+00  2.4573E-07
    6   2  2.5739E-07  0.0000E+00  0.0000E+00 -8.3390E-07
    7   2 -8.0801E-08  0.0000E+00  0.0000E+00  5.4453E-07
    8   2 -1.5925E-07  0.0000E+00  0.0000E+00 -6.8408E-07
   -8   3 -2.0970E-06  0.0000E+00  0.0000E+00 -1.2511E-04
   -7   3  9.0157E-04  0.0000E+00  0.0000E+00 -1.0486E-03
   -6   3 -1.6251E-03  0.0000E+00  0.0000E+00  2.2376E-03
   -5   3  3.8880E-03  0.0000E+00  0.0000E+00 -4.4179E-03
   -4   3 -6.4472E-03  0.0000E+00  0.0000E+00  7.6775E-03
   -3   3  9.6091E-03  0.0000E+00  0.0000E+00 -1.1991E-02
   -2   3 -1.2764E-02  0.0000E+00  0.0000E+00  1.7052E-02
   -1   3  6.1581E-03  0.0000E+00  0.0000E+00 -1.1850E-02
    0   3  2.4816E-02  0.0000E+00  0.0000E+00 -1.8339E-02
    1   3  5.6272E-03  0.0000E+00  0.0000E+00 -7.6483E-03
    2   3 -4.3973E-03  0.0000E+00  0.0000E+00 -5.2231E-03
    3   3 -1.2761E-03  0.0000E+00  0.0000E+00 -2.6473E-03
    4   3  9.8364E-05  0.0000E+00  0.0000E+00 -4.0896E-04
    5   3 -4.7825E-04  0.0000E+00  0.0000E+00  2.0555E-04
    6   3  1.8085E-04  0.0000E+00  0.0000E+00 -3.7282E-04
    7   3 -3.9050E-04  0.0000E+00  0.0000E+00  1.3047E-04
    8   3 -2.4328E-04  0.0000E+00  0.0000E+00  4.5780E-04
   -8   4 -1.5105E-07  0.0000E+00  0.0000E+00  5.7904E-07
   -7   4 -4.8672E-07  0.0000E+00  0.0000E+00 -1.2056E-06
   -6   4 -4.1610E-07  0.0000E+00  0.0000E+00 -3.3435E-08
   -5   4  2.6759E-07  0.0000E+00  0.0000E+00  2.7072E-07
   -4   4  8.5399E-07  0.0000E+00  0.0000E+00 -1.0012E-06
   -3   4 -1.1495E-07  0.0000E+00  0.0000E+00  9.2259E-07
   -2   4 -9.8532E-07  0.0000E+00  0.0000E+00 -4.5272E-07
   -1   4  4.2201E-07  0.0000E+00  0.0000E+00 -1.6417E-06
    0   4  7.4737E-07  0.0000E+00  0.0000E+00  1.2645E-06
    1   4 -8.6109E-07  0.0000E+00  0.0000E+00  1.6950E-06
    2   4  1.1285E-07  0.0000E+00  0.0000E+00 -1.3135E-06
    3   4  9.5109E-07  0.0000E+00  0.0000E+00 -1.9065E-07
    4   4 -5.7157E-07  0.0000E+00  0.0000E+00  4.4318E-07
    5   4  8.4494E-08  0.0000E+00  0.0000E+00 -1.1325E-06
    6   4 -6.4054E-08  0.0000E+00  0.0000E+00  5.8092E-07
    7   4 -6.9877E-07  0.0000E+00  0.0000E+00 -3.7416E-07
    8   4  7.0404E-07  0.0000E+00  0.0000E+00  2.2363E-07
   -8   5  6.3879E-04  0.0000E+00  0.0000E+00 -8.1407E-04
   -7   5 -1.2886E-03  0.0000E+00  0.0000E+00  1.6760E-03
   -6   5  1.8794E-03  0.0000E+00  0.0000E+00 -2.4768E-03
   -5   5 -2.6625E-03  0.0000E+00  0.0000E+00  3.5087E-03
   -4   5  2.7580E-03  0.0000E+00  0.0000E+00 -4.1724E-03
   -3   5 -2.0492E-03  0.0000E+00  0.0000E+00  3.9023E-03
   -2   5 -6.1282E-06  0.0000E+00  0.0000E+00 -1.9633E-03
   -1   5  3.9030E-03  0.0000E+00  0.0000E+00 -2.5780E-03
    0   5 -4.1904E-03  0.0000E+00  0.0000E+00  4.1400E-03
    1   5 -5.9470E-03  0.0000E+00  0.0000E+00  4.0079E-03
    2   5 -7.0230E-04  0.0000E+00  0.0000E+00  2.3128E-03
    3   5  1.0510E-03  0.0000E+00  0.0000E+00  1.6268E-03
    4   5  1.2142E-04  0.0000E+00  0.0000E+00  8.2929E-04
    5   5  1.1945E-04  0.0000E+00  0.0000E+00  9.8219E-05
    6   5  2.4826E-05  0.0000E+00  0.0000E+00  6.4396E-05
    7   5  4.8798E-05  0.0000E+00  0.0000E+00  1.1271E-04
    8   5  8.2780E-05  0.0000E+00  0.0000E+00 -7.9695E-05
   -8   6  8.9750E-08  0.0000E+00  0.0000E+00  5.1711E-07
   -7   6  6.2003E-07  0.0000E+00  0.0000E+00  7.0723E-07
   -6   6  1.5089E-06  0.0000E+00  0.0000E+00  1.5186E-06
   -5   6  1.2919E-06  0.0000E+00  0.0000E+00 -1.0407E-07
   -4   6 -1.4664E-06  0.0000E+00  0.0000E+00 -3.7897E-08
   -3   6 -2.3961E-06  0.0000E+00  0.0000E+00 -4.4087E-07
   -2   6  1.6527E-06  0.0000E+00  0.0000E+00 -8.6640E-07
   -1   6  2.0130E-06  0.0000E+00  0.0000E+00  1.3308E-06
    0   6 -2.3283E-06  0.0000E+00  0.0000E+00  5.6300E-07
    1   6 -2.1272E-09  0.0000E+00  0.0000E+00 -1.4912E-06
    2   6  2.2422E-06  0.0000E+00  0.0000E+00  4.1785E-07
    3   6 -2.0270E-06  0.0000E+00  0.0000E+00  3.9096E-07
    4   6 -2.1785E-07  0.0000E+00  0.0000E+00 -7.0659E-07
    5   6  1.1148E-06  0.0000E+00  0.0000E+00  1.6607E-06
    6   6 -1.7338E-06  0.0000E+00  0.0000E+00 -6.4757E-07
    7   6  1.5517E-06  0.0000E+00  0.0000E+00  3.1709E-08
    8   6  2.6870E-08  0.0000E+00  0.0000E+00  1.1649E-06
   -8   7 -6.5587E-04  0.0000E+00  0.0000E+00  9.0721E-04
   -7   7  8.5321E-04  0.0000E+00  0.0000E+00 -1.2312E-03
   -6   7 -8.8710E-04  0.0000E+00  0.0000E+00  1.3810E-03
   -5   7  7.3476E-04  0.0000E+00  0.0000E+00 -1.3607E-03
   -4   7 -1.8198E-04  0.0000E+00  0.0000E+00  9.0340E-04
   -3   7 -4.8019E-04  0.0000E+00  0.0000E+00 -8.3833E-05
   -2   7  1.0501E-03  0.0000E+00  0.0000E+00 -8.3855E-04
   -1   7 -9.4078E-04  0.0000E+00  0.0000E+00  1.1957E-03
    0   7 -7.4394E-04  0.0000E+00  0.0000E+00  1.8434E-04
    1   7  1.7038E-03  0.0000E+00  0.0000E+00 -1.2417E-03
    2   7  1.5054E-03  0.0000E+00  0.0000E+00 -1.0834E-03
    3   7  2.4396E-05  0.0000E+00  0.0000E+00 -7.2557E-04
    4   7 -1.8604E-04  0.0000E+00  0.0000E+00 -5.4438E-04
    5   7 -4.1656E-05  0.0000E+00  0.0000E+00 -2.4307E-04
    6   7 -1.9048E-05  0.0000E+00  0.0000E+00 -4.5155E-05
    7   7 -1.9476E-05  0.0000E+00  0.0000E+00 -5.3440E-05
    8   7 -1.7142E-05  0.0000E+00  0.0000E+00 -2.9014E-05
 FSQR, FSQZ = Normalized Physical Force Residuals
 fsqr, fsqz = Preconditioned Force Residuals
 -----------------------
 BEGIN FORCE ITERATIONS
 -----------------------


  NS =   16 NO. FOURIER MODES =  200 FTOLV =  1.000E-05 NITER =  12000
  PROCESSOR COUNT - RADIAL:    1

  ITER    FSQR      FSQZ      FSQL      fsqr      fsqz      fsql      DELT    RAX(v=0)      WMHD      BETA      <M>        

     1   8.17E+01  9.75E+01  7.62E-01  2.40E-03  2.26E-03  7.07E-02  9.00E-01  1.740E+00  9.2293E-01  0.000E+00  2.364
   100   4.91E-01  5.73E-01  3.16E-02  4.87E-05  4.72E-05  2.50E-04  2.06E-01  1.737E+00  7.1794E-01  0.000E+00  3.238
   200   6.18E-05  6.88E-05  1.61E-05  9.01E-09  9.33E-09  1.08E-07  2.06E-01  1.739E+00  7.1525E-01  0.000E+00  3.388
   250   7.70E-06  6.88E-06  9.18E-06  2.03E-09  2.22E-09  3.09E-08  2.06E-01  1.740E+00  7.1520E-01  0.000E+00  3.399

 MHD Energy =  7.152043E-01   d(ln W)/dt =  1.180E-06   d(ln R0)/dt =  1.602E-05

  NS =   32 NO. FOURIER MODES =  200 FTOLV =  1.000E-09 NITER =  12000
  PROCESSOR COUNT - RADIAL:    1

  ITER    FSQR      FSQZ      FSQL      fsqr      fsqz      fsql      DELT    RAX(v=0)      WMHD      BETA      <M>        

     1   3.06E-02  2.06E-02  1.79E-03  8.21E-08  6.73E-08  2.04E-04  9.00E-01  1.740E+00  7.1532E-01  0.000E+00  3.409
   100   7.08E-03  1.22E-02  1.09E-04  5.34E-07  1.03E-06  2.03E-05  1.94E-01  1.740E+00  7.1523E-01  0.000E+00  3.421
   200   7.45E-06  1.02E-05  5.08E-06  1.30E-09  1.74E-09  1.04E-08  1.94E-01  1.741E+00  7.1520E-01  0.000E+00  3.407
   300   1.12E-06  1.95E-06  1.11E-06  1.94E-10  3.35E-10  2.05E-09  1.94E-01  1.741E+00  7.1517E-01  0.000E+00  3.365
   400   1.53E-07  1.18E-07  1.45E-07  2.78E-11  1.93E-11  4.07E-10  1.94E-01  1.742E+00  7.1516E-01  0.000E+00  3.325
   500   5.39E-08  3.61E-08  6.25E-08  1.31E-11  4.86E-12  1.35E-10  1.94E-01  1.742E+00  7.1516E-01  0.000E+00  3.308
   600   2.81E-08  2.98E-08  2.56E-08  7.04E-12  3.12E-12  6.85E-11  1.94E-01  1.742E+00  7.1516E-01  0.000E+00  3.302
   700   1.19E-08  1.07E-08  1.49E-08  3.12E-12  1.74E-12  3.63E-11  1.94E-01  1.742E+00  7.1516E-01  0.000E+00  3.302
   800   6.30E-09  5.90E-09  6.67E-09  1.92E-12  8.83E-13  1.77E-11  1.94E-01  1.743E+00  7.1516E-01  0.000E+00  3.304
   900   2.50E-09  1.96E-09  2.86E-09  1.10E-12  2.47E-13  9.56E-12  1.94E-01  1.743E+00  7.1516E-01  0.000E+00  3.306
