 THIS IS PARVMEC (PARALLEL VMEC), VERSION 9.0
 Lambda: Full Radial Mesh. L-Force: hybrid full/half.

 COMPUTER:    OS:    RELEASE:   DATE = Sep 15,2019  TIME = 20:23:28
 SHOT ID.: HSX_SENACtoVMEC_ordern2_nmodes2.txt  SEQ. NO.:   0
 TIME SLICE =    0. ms

 COMPUTATION PARAMETERS: (u = theta, v = zeta)
 ---------------------------------------------
     ns     nu     nv     mu     mv
     49     22     36      8      8

 CONFIGURATION PARAMETERS:
 ---------------------------------------
    nfp      gamma      spres_ped    phiedge(wb)     curtor(A)        lRFP
      4  0.000E+00      1.000E+00      2.664E+00     0.000E+00           F

 RUN CONTROL PARAMETERS:
 -----------------------
  ncurr  niter   nsin  nstep  nvacskip      ftol     tcon0    lasym  lforbal lmove_axis lconm1
      1  12000     16    100         1  1.00E-11  2.00E+00        F        F        T        T
  mfilter_fbdy nfilter_fbdy lfull3d1out max_main_iterations lgiveup fgiveup
           -1           -1           T                   1       F  3.0E+01

 PRECONDITIONER CONTROL PARAMETERS:
 ----------------------------------
  precon_type   prec2d_threshold
  NONE                  1.00E-30

 MASS PROFILE COEFFICIENTS - newton/m**2 (EXPANSION IN NORMALIZED RADIUS):
 PMASS parameterization type is 'power_series'
 -----------------------------------


 TOROIDAL CURRENT DENSITY (*V') COEFFICIENTS ac (EXPANSION IN NORMALIZED RADIUS):
 PCURR parameterization type is 'power_series'
 --------------------------------------


 NORMALIZED TOROIDAL FLUX COEFFICIENTS aphi (EXPANSION IN S):
 -----------------------------------
   1.000E+00

 R-Z FOURIER BOUNDARY COEFFICIENTS AND MAGNETIC AXIS INITIAL GUESS
 R = RBC*COS(m*u - n*v) + RBS*SIN(m*u - n*v), Z = ZBC*COS(m*u - n*v) + ZBS*SIN(m*u-n*v)
 --------------------------------------------------------------------------------------
   nb  mb     rbc         rbs         zbc         zbs       raxis(c)    raxis(s)    zaxis(c)    zaxis(s)
    0   0  1.2203E+00  0.0000E+00  0.0000E+00  0.0000E+00  1.2203E+00  0.0000E+00  0.0000E+00  0.0000E+00
    1   0  2.0667E-01  0.0000E+00  0.0000E+00 -1.6662E-01  2.0667E-01  0.0000E+00  0.0000E+00 -1.6662E-01
    2   0  1.8246E-02  0.0000E+00  0.0000E+00 -1.6399E-02  1.8246E-02  0.0000E+00  0.0000E+00 -1.6399E-02
    3   0  3.4475E-05  0.0000E+00  0.0000E+00 -2.1772E-04  3.4695E-05  0.0000E+00  0.0000E+00 -2.1860E-04
    4   0 -1.3737E-05  0.0000E+00  0.0000E+00  1.6575E-04 -1.3890E-05  0.0000E+00  0.0000E+00  1.6372E-04
    5   0  4.6396E-05  0.0000E+00  0.0000E+00 -8.5170E-05  4.6368E-05  0.0000E+00  0.0000E+00 -8.9210E-05
    6   0  1.6447E-05  0.0000E+00  0.0000E+00  3.7941E-06  1.6526E-05  0.0000E+00  0.0000E+00 -3.2542E-07
    7   0 -1.4109E-05  0.0000E+00  0.0000E+00  2.2997E-05 -1.4122E-05  0.0000E+00  0.0000E+00  2.1032E-05
    8   0  1.9658E-05  0.0000E+00  0.0000E+00  5.7906E-06  1.9639E-05  0.0000E+00  0.0000E+00  5.9861E-06
   -8   1  2.1023E-04  0.0000E+00  0.0000E+00 -3.0113E-04
   -7   1 -1.2309E-04  0.0000E+00  0.0000E+00  9.8861E-05
   -6   1 -7.3206E-05  0.0000E+00  0.0000E+00 -4.4132E-06
   -5   1  1.6975E-05  0.0000E+00  0.0000E+00 -1.6853E-04
   -4   1 -2.6664E-04  0.0000E+00  0.0000E+00  3.7697E-04
   -3   1  8.2897E-05  0.0000E+00  0.0000E+00 -8.0240E-04
   -2   1 -2.1241E-03  0.0000E+00  0.0000E+00 -2.8384E-03
   -1   1 -6.5232E-03  0.0000E+00  0.0000E+00  7.6471E-04
    0   1  1.3151E-02  0.0000E+00  0.0000E+00  3.7002E-02
    1   1 -9.6918E-02  0.0000E+00  0.0000E+00  9.9626E-02
    2   1  1.7141E-02  0.0000E+00  0.0000E+00 -1.8044E-02
    3   1 -3.9393E-04  0.0000E+00  0.0000E+00  8.2706E-06
    4   1 -1.0112E-03  0.0000E+00  0.0000E+00  1.0993E-03
    5   1 -8.4274E-05  0.0000E+00  0.0000E+00  2.2502E-04
    6   1  3.9294E-04  0.0000E+00  0.0000E+00 -3.7902E-04
    7   1 -1.3364E-04  0.0000E+00  0.0000E+00  2.1544E-04
    8   1  9.5671E-05  0.0000E+00  0.0000E+00 -5.0657E-05
   -8   2 -4.7413E-08  0.0000E+00  0.0000E+00 -7.4363E-07
   -7   2 -8.6185E-08  0.0000E+00  0.0000E+00  5.1491E-07
   -6   2  2.3517E-08  0.0000E+00  0.0000E+00  3.2334E-06
   -5   2  3.1419E-08  0.0000E+00  0.0000E+00  4.2872E-06
   -4   2 -1.1893E-08  0.0000E+00  0.0000E+00  3.7018E-06
   -3   2 -8.5833E-08  0.0000E+00  0.0000E+00  1.6267E-06
   -2   2  7.8601E-08  0.0000E+00  0.0000E+00  4.7626E-07
   -1   2  2.0165E-09  0.0000E+00  0.0000E+00  9.5894E-08
    0   2  2.7190E-09  0.0000E+00  0.0000E+00  1.1545E-08
    1   2  7.7282E-09  0.0000E+00  0.0000E+00  2.2892E-08
    2   2  5.6113E-08  0.0000E+00  0.0000E+00  4.8843E-08
    3   2 -7.9491E-08  0.0000E+00  0.0000E+00 -1.9601E-07
    4   2  3.3896E-07  0.0000E+00  0.0000E+00 -1.3106E-06
    5   2 -2.1232E-07  0.0000E+00  0.0000E+00 -2.2430E-06
    6   2 -3.1969E-08  0.0000E+00  0.0000E+00 -3.7435E-06
    7   2  1.1163E-07  0.0000E+00  0.0000E+00 -2.7826E-06
    8   2 -3.7721E-08  0.0000E+00  0.0000E+00 -7.3556E-07
   -8   3  1.3302E-04  0.0000E+00  0.0000E+00 -1.3592E-04
   -7   3 -5.1066E-05  0.0000E+00  0.0000E+00  9.3249E-05
   -6   3  2.4642E-05  0.0000E+00  0.0000E+00  4.7442E-06
   -5   3  4.8145E-06  0.0000E+00  0.0000E+00  4.3768E-05
   -4   3  4.5484E-06  0.0000E+00  0.0000E+00  6.0702E-05
   -3   3  4.4773E-05  0.0000E+00  0.0000E+00  4.1517E-05
   -2   3  1.3747E-04  0.0000E+00  0.0000E+00  3.9143E-04
   -1   3  6.0433E-04  0.0000E+00  0.0000E+00 -1.3123E-04
    0   3  1.5614E-04  0.0000E+00  0.0000E+00 -5.3530E-03
    1   3  2.1179E-03  0.0000E+00  0.0000E+00 -1.7566E-02
    2   3  1.9943E-02  0.0000E+00  0.0000E+00 -1.8520E-02
    3   3 -6.3018E-03  0.0000E+00  0.0000E+00  6.9117E-03
    4   3  1.8128E-04  0.0000E+00  0.0000E+00 -1.6876E-04
    5   3  3.9174E-04  0.0000E+00  0.0000E+00 -4.6072E-04
    6   3 -4.4477E-05  0.0000E+00  0.0000E+00 -2.5766E-05
    7   3 -6.6252E-05  0.0000E+00  0.0000E+00  4.8349E-05
    8   3  3.9471E-05  0.0000E+00  0.0000E+00 -7.8893E-05
   -8   4  4.4676E-07  0.0000E+00  0.0000E+00  1.5935E-06
   -7   4  1.4402E-07  0.0000E+00  0.0000E+00  6.1848E-07
   -6   4  1.7861E-07  0.0000E+00  0.0000E+00 -1.3472E-06
   -5   4 -6.4333E-08  0.0000E+00  0.0000E+00 -4.0761E-06
   -4   4  1.1182E-08  0.0000E+00  0.0000E+00 -4.0955E-06
   -3   4 -6.1786E-09  0.0000E+00  0.0000E+00 -2.8392E-06
   -2   4  2.4526E-08  0.0000E+00  0.0000E+00 -1.1435E-06
   -1   4 -5.8589E-09  0.0000E+00  0.0000E+00 -2.7466E-07
    0   4 -6.3273E-09  0.0000E+00  0.0000E+00 -5.9342E-08
    1   4 -9.5930E-09  0.0000E+00  0.0000E+00 -6.9309E-08
    2   4  5.2063E-08  0.0000E+00  0.0000E+00 -6.4398E-08
    3   4 -1.4114E-07  0.0000E+00  0.0000E+00  7.4297E-08
    4   4  7.5653E-08  0.0000E+00  0.0000E+00  2.6162E-07
    5   4 -3.6911E-07  0.0000E+00  0.0000E+00  1.5257E-06
    6   4  2.4826E-07  0.0000E+00  0.0000E+00  2.1171E-06
    7   4  1.5718E-08  0.0000E+00  0.0000E+00  2.9456E-06
    8   4 -1.2436E-07  0.0000E+00  0.0000E+00  1.6049E-06
   -8   5  4.6157E-05  0.0000E+00  0.0000E+00 -8.5308E-05
   -7   5 -4.0128E-05  0.0000E+00  0.0000E+00  3.6098E-05
   -6   5  2.0866E-05  0.0000E+00  0.0000E+00 -4.3030E-05
   -5   5 -5.3498E-06  0.0000E+00  0.0000E+00 -1.6762E-05
   -4   5  2.3543E-06  0.0000E+00  0.0000E+00 -3.5088E-05
   -3   5 -2.7278E-06  0.0000E+00  0.0000E+00 -4.5648E-05
   -2   5 -2.6943E-05  0.0000E+00  0.0000E+00 -6.4910E-05
   -1   5 -8.4383E-05  0.0000E+00  0.0000E+00 -1.0696E-05
    0   5 -1.6630E-04  0.0000E+00  0.0000E+00  1.0075E-03
    1   5 -3.6539E-04  0.0000E+00  0.0000E+00  4.1089E-03
    2   5 -2.5881E-03  0.0000E+00  0.0000E+00  7.4417E-03
    3   5 -5.5170E-03  0.0000E+00  0.0000E+00  4.2143E-03
    4   5  2.7883E-03  0.0000E+00  0.0000E+00 -3.0157E-03
    5   5 -2.3744E-04  0.0000E+00  0.0000E+00  3.0908E-04
    6   5 -1.8306E-04  0.0000E+00  0.0000E+00  2.2540E-04
    7   5  4.0881E-05  0.0000E+00  0.0000E+00 -9.9863E-06
    8   5  1.2462E-05  0.0000E+00  0.0000E+00  3.8111E-07
   -8   6 -1.1853E-06  0.0000E+00  0.0000E+00 -2.8709E-06
   -7   6 -9.3858E-07  0.0000E+00  0.0000E+00 -2.9552E-06
   -6   6 -2.8788E-07  0.0000E+00  0.0000E+00 -5.6507E-07
   -5   6 -2.6788E-07  0.0000E+00  0.0000E+00  1.9250E-06
   -4   6  9.4469E-08  0.0000E+00  0.0000E+00  4.0963E-06
   -3   6 -2.1209E-08  0.0000E+00  0.0000E+00  3.2993E-06
   -2   6  2.9179E-08  0.0000E+00  0.0000E+00  1.7702E-06
