 THIS IS PARVMEC (PARALLEL VMEC), VERSION 9.0
 Lambda: Full Radial Mesh. L-Force: hybrid full/half.

 COMPUTER:    OS:    RELEASE:   DATE = Sep 20,2019  TIME = 14:54:10
 SHOT ID.: W7X_SENACtoVMEC_ordern3_nmodes3.txt  SEQ. NO.:   0
 TIME SLICE =    0. ms

 COMPUTATION PARAMETERS: (u = theta, v = zeta)
 ---------------------------------------------
     ns     nu     nv     mu     mv
     49     26     36     10     10

 CONFIGURATION PARAMETERS:
 ---------------------------------------
    nfp      gamma      spres_ped    phiedge(wb)     curtor(A)        lRFP
      5  0.000E+00      1.000E+00      2.180E+00     0.000E+00           F

 RUN CONTROL PARAMETERS:
 -----------------------
  ncurr  niter   nsin  nstep  nvacskip      ftol     tcon0    lasym  lforbal lmove_axis lconm1
      1  12000     16    100         1  1.00E-11  2.00E+00        F        F        T        T
  mfilter_fbdy nfilter_fbdy lfull3d1out max_main_iterations lgiveup fgiveup
           -1           -1           T                   1       F  3.0E+01

 PRECONDITIONER CONTROL PARAMETERS:
 ----------------------------------
  precon_type   prec2d_threshold
  NONE                  1.00E-30

 MASS PROFILE COEFFICIENTS - newton/m**2 (EXPANSION IN NORMALIZED RADIUS):
 PMASS parameterization type is 'power_series'
 -----------------------------------


 TOROIDAL CURRENT DENSITY (*V') COEFFICIENTS ac (EXPANSION IN NORMALIZED RADIUS):
 PCURR parameterization type is 'power_series'
 --------------------------------------


 NORMALIZED TOROIDAL FLUX COEFFICIENTS aphi (EXPANSION IN S):
 -----------------------------------
   1.000E+00

 R-Z FOURIER BOUNDARY COEFFICIENTS AND MAGNETIC AXIS INITIAL GUESS
 R = RBC*COS(m*u - n*v) + RBS*SIN(m*u - n*v), Z = ZBC*COS(m*u - n*v) + ZBS*SIN(m*u-n*v)
 --------------------------------------------------------------------------------------
   nb  mb     rbc         rbs         zbc         zbs       raxis(c)    raxis(s)    zaxis(c)    zaxis(s)
    0   0  5.5579E+00  0.0000E+00  0.0000E+00  0.0000E+00  5.5602E+00  0.0000E+00  0.0000E+00  0.0000E+00
    1   0  3.6985E-01  0.0000E+00  0.0000E+00 -3.0780E-01  3.7097E-01  0.0000E+00  0.0000E+00 -3.0847E-01
    2   0  1.7045E-02  0.0000E+00  0.0000E+00 -1.8251E-02  1.6296E-02  0.0000E+00  0.0000E+00 -1.8714E-02
    3   0  1.8890E-03  0.0000E+00  0.0000E+00 -4.8214E-05  1.2119E-03  0.0000E+00  0.0000E+00 -2.8143E-04
    4   0  6.0558E-04  0.0000E+00  0.0000E+00  6.2398E-06  1.9160E-05  0.0000E+00  0.0000E+00  4.3601E-05
    5   0  2.9562E-04  0.0000E+00  0.0000E+00 -2.7192E-04 -3.7328E-05  0.0000E+00  0.0000E+00 -1.4014E-04
    6   0  1.1600E-04  0.0000E+00  0.0000E+00 -4.6407E-06 -5.6546E-05  0.0000E+00  0.0000E+00  2.8346E-05
    7   0  1.2937E-04  0.0000E+00  0.0000E+00 -2.3486E-05  6.2640E-06  0.0000E+00  0.0000E+00  2.0024E-05
    8   0 -2.2763E-05  0.0000E+00  0.0000E+00 -1.2602E-04 -1.1813E-04  0.0000E+00  0.0000E+00 -9.7960E-05
    9   0  0.0000E+00  0.0000E+00  0.0000E+00  0.0000E+00 -6.7693E-07  0.0000E+00  0.0000E+00  6.9431E-05
   10   0  0.0000E+00  0.0000E+00  0.0000E+00  0.0000E+00  8.1066E-05  0.0000E+00  0.0000E+00  6.4683E-05
   -8   1  6.0619E-03  0.0000E+00  0.0000E+00 -7.4206E-03
   -7   1 -5.3845E-03  0.0000E+00  0.0000E+00  5.9210E-03
   -6   1  3.1856E-03  0.0000E+00  0.0000E+00 -3.2101E-03
   -5   1 -1.0815E-03  0.0000E+00  0.0000E+00  1.4471E-03
   -4   1  2.0858E-03  0.0000E+00  0.0000E+00 -1.4432E-03
   -3   1 -3.7988E-03  0.0000E+00  0.0000E+00  3.9772E-03
   -2   1  2.9226E-04  0.0000E+00  0.0000E+00 -3.5058E-03
   -1   1  5.4851E-02  0.0000E+00  0.0000E+00  1.1193E-02
    0   1 -3.5837E-02  0.0000E+00  0.0000E+00  2.2665E-01
    1   1 -4.2449E-01  0.0000E+00  0.0000E+00  4.1201E-01
    2   1  1.3792E-01  0.0000E+00  0.0000E+00 -1.3736E-01
    3   1 -5.7929E-02  0.0000E+00  0.0000E+00  5.7335E-02
    4   1  2.2553E-02  0.0000E+00  0.0000E+00 -2.2835E-02
    5   1 -6.3089E-03  0.0000E+00  0.0000E+00  5.8844E-03
    6   1  6.1616E-04  0.0000E+00  0.0000E+00 -5.3934E-04
    7   1  4.9922E-05  0.0000E+00  0.0000E+00  1.1460E-05
    8   1 -6.5931E-05  0.0000E+00  0.0000E+00  5.8675E-05
   -8   2 -1.4669E-04  0.0000E+00  0.0000E+00 -2.4448E-04
   -7   2 -6.4430E-05  0.0000E+00  0.0000E+00 -2.0287E-04
   -6   2 -2.6004E-04  0.0000E+00  0.0000E+00 -3.6109E-04
   -5   2 -3.3949E-04  0.0000E+00  0.0000E+00 -5.2736E-04
   -4   2 -8.5661E-04  0.0000E+00  0.0000E+00 -1.1460E-03
   -3   2 -1.0019E-03  0.0000E+00  0.0000E+00 -1.5125E-03
   -2   2  6.0235E-04  0.0000E+00  0.0000E+00  1.2066E-04
   -1   2  3.1858E-03  0.0000E+00  0.0000E+00  2.7232E-03
    0   2  4.2637E-03  0.0000E+00  0.0000E+00  5.1803E-03
    1   2 -2.4734E-03  0.0000E+00  0.0000E+00  1.2791E-03
    2   2  1.8585E-04  0.0000E+00  0.0000E+00  2.4183E-03
    3   2 -1.2784E-03  0.0000E+00  0.0000E+00 -3.0612E-03
    4   2 -5.1723E-04  0.0000E+00  0.0000E+00 -1.1572E-03
    5   2  2.0611E-04  0.0000E+00  0.0000E+00 -4.7483E-04
    6   2 -2.1070E-04  0.0000E+00  0.0000E+00 -3.7715E-04
    7   2 -5.8234E-05  0.0000E+00  0.0000E+00 -1.3197E-04
    8   2 -6.0919E-05  0.0000E+00  0.0000E+00 -1.7681E-04
   -8   3 -7.9867E-04  0.0000E+00  0.0000E+00  6.1478E-04
   -7   3 -1.2747E-04  0.0000E+00  0.0000E+00  5.0793E-04
   -6   3  6.0907E-04  0.0000E+00  0.0000E+00 -8.9454E-04
   -5   3 -8.8283E-04  0.0000E+00  0.0000E+00  7.6760E-04
   -4   3  1.2541E-04  0.0000E+00  0.0000E+00 -8.3828E-04
   -3   3  4.7391E-04  0.0000E+00  0.0000E+00 -7.5971E-04
   -2   3 -1.1861E-03  0.0000E+00  0.0000E+00 -1.2670E-03
   -1   3 -1.2328E-02  0.0000E+00  0.0000E+00 -1.1193E-02
    0   3  9.9636E-04  0.0000E+00  0.0000E+00 -5.7440E-02
    1   3  6.1338E-02  0.0000E+00  0.0000E+00 -9.6175E-02
    2   3  4.6226E-02  0.0000E+00  0.0000E+00 -3.2243E-02
    3   3 -3.3343E-02  0.0000E+00  0.0000E+00  2.7613E-02
    4   3  2.1273E-02  0.0000E+00  0.0000E+00 -1.8156E-02
    5   3 -1.2313E-02  0.0000E+00  0.0000E+00  1.1550E-02
    6   3  5.6403E-03  0.0000E+00  0.0000E+00 -5.3023E-03
    7   3 -2.1276E-03  0.0000E+00  0.0000E+00  1.9860E-03
    8   3  6.8763E-04  0.0000E+00  0.0000E+00 -6.1324E-04
   -8   4 -6.3239E-06  0.0000E+00  0.0000E+00  2.7029E-04
   -7   4  6.7795E-05  0.0000E+00  0.0000E+00  3.1420E-04
   -6   4  5.3141E-05  0.0000E+00  0.0000E+00  4.0183E-04
   -5   4  1.5804E-04  0.0000E+00  0.0000E+00  7.4242E-04
   -4   4  5.0419E-04  0.0000E+00  0.0000E+00  1.0902E-03
   -3   4  3.1040E-04  0.0000E+00  0.0000E+00  1.9757E-03
   -2   4 -1.1435E-03  0.0000E+00  0.0000E+00  1.3476E-03
   -1   4 -2.7811E-03  0.0000E+00  0.0000E+00 -2.0609E-03
    0   4 -1.3736E-03  0.0000E+00  0.0000E+00 -6.2955E-03
    1   4  2.4230E-03  0.0000E+00  0.0000E+00 -5.9305E-03
    2   4  2.3161E-03  0.0000E+00  0.0000E+00 -1.1516E-03
    3   4 -1.0995E-03  0.0000E+00  0.0000E+00  8.8203E-04
    4   4  2.7938E-03  0.0000E+00  0.0000E+00  1.5410E-03
    5   4 -3.0637E-03  0.0000E+00  0.0000E+00  2.9333E-03
    6   4  1.2288E-03  0.0000E+00  0.0000E+00 -5.9916E-04
    7   4 -5.6629E-04  0.0000E+00  0.0000E+00  8.9974E-04
    8   4  7.3992E-05  0.0000E+00  0.0000E+00  6.3984E-05
   -8   5  3.5382E-05  0.0000E+00  0.0000E+00  7.2280E-05
   -7   5  2.0574E-04  0.0000E+00  0.0000E+00 -3.1808E-04
   -6   5 -1.3420E-04  0.0000E+00  0.0000E+00  9.4605E-05
   -5   5  1.3787E-04  0.0000E+00  0.0000E+00  1.0573E-04
   -4   5  2.7510E-04  0.0000E+00  0.0000E+00  1.3531E-04
   -3   5 -2.0480E-04  0.0000E+00  0.0000E+00  8.0292E-04
   -2   5  6.6719E-04  0.0000E+00  0.0000E+00  1.0585E-03
   -1   5  3.4880E-03  0.0000E+00  0.0000E+00  5.4371E-03
    0   5  1.0104E-03  0.0000E+00  0.0000E+00  1.9944E-02
    1   5 -1.5532E-02  0.0000E+00  0.0000E+00  3.5459E-02
    2   5 -2.1887E-02  0.0000E+00  0.0000E+00  2.3783E-02
    3   5 -1.8423E-04  0.0000E+00  0.0000E+00 -3.2828E-03
    4   5  5.0771E-03  0.0000E+00  0.0000E+00 -2.8610E-03
    5   5 -5.4758E-03  0.0000E+00  0.0000E+00  3.5713E-03
    6   5  4.7092E-03  0.0000E+00  0.0000E+00 -3.8424E-03
    7   5 -3.0149E-03  0.0000E+00  0.0000E+00  2.6089E-03
    8   5  1.6144E-03  0.0000E+00  0.0000E+00 -1.4548E-03
   -8   6  2.7263E-05  0.0000E+00  0.0000E+00 -1.7295E-04
   -7   6  1.0054E-05  0.0000E+00  0.0000E+00 -2.7506E-04
   -6   6 -2.8425E-05  0.0000E+00  0.0000E+00 -3.4006E-04
