      S          PHI         IOTA        SHEAR        VP         WELL        ITOR       ITOR'       PRES       PRES'
------------------------------------------------------------------------------------------------------------------------
  5.0000E-03  1.9709E-04  1.0483E+00  2.2780E-01  8.9898E+00  3.8118E+00 -7.0251E-19 -3.8688E-15  0.0000E+00  0.0000E+00
  1.0000E-02  3.9418E-04  1.0488E+00  3.5071E-01  8.9891E+00  3.2814E+00  5.3221E-19  5.2630E-15  0.0000E+00  0.0000E+00
  1.5000E-02  5.9127E-04  1.0493E+00  2.5169E-01  8.9885E+00  3.0391E+00  6.9187E-19 -5.0831E-15  0.0000E+00  0.0000E+00
  2.0000E-02  7.8836E-04  1.0497E+00  1.9445E-01  8.9879E+00  2.8827E+00 -9.5797E-20  4.1941E-15  0.0000E+00  0.0000E+00
  2.5000E-02  9.8545E-04  1.0500E+00  1.4794E-01  8.9874E+00  2.8021E+00 -6.0991E-18 -1.0973E-14  0.0000E+00  0.0000E+00
  3.0000E-02  1.1825E-03  1.0503E+00  1.1594E-01  8.9868E+00  2.7588E+00 -5.9075E-18  1.1190E-14  0.0000E+00  0.0000E+00
  3.5000E-02  1.3796E-03  1.0504E+00  9.2837E-02  8.9863E+00  2.7328E+00  1.1304E-17  8.2456E-15  0.0000E+00  0.0000E+00
  4.0000E-02  1.5767E-03  1.0506E+00  7.6966E-02  8.9857E+00  2.7143E+00  7.4509E-19 -2.0170E-14  0.0000E+00  0.0000E+00
  4.5000E-02  1.7738E-03  1.0507E+00  6.3859E-02  8.9852E+00  2.6986E+00 -2.0990E-17 -4.3757E-15  0.0000E+00  0.0000E+00
  5.0000E-02  1.9709E-03  1.0508E+00  5.4206E-02  8.9847E+00  2.6824E+00 -1.5115E-18  2.6376E-14  0.0000E+00  0.0000E+00
  5.5000E-02  2.1680E-03  1.0509E+00  4.6261E-02  8.9841E+00  2.6638E+00  8.3024E-19 -2.3733E-14  0.0000E+00  0.0000E+00
  6.0000E-02  2.3651E-03  1.0510E+00  4.0504E-02  8.9836E+00  2.6438E+00 -9.5584E-18  1.1999E-14  0.0000E+00  0.0000E+00
  6.5000E-02  2.5622E-03  1.0511E+00  3.5224E-02  8.9831E+00  2.6229E+00  1.8649E-17  1.9864E-14  0.0000E+00  0.0000E+00
  7.0000E-02  2.7593E-03  1.0511E+00  3.1218E-02  8.9826E+00  2.6011E+00  1.0005E-17 -2.9629E-14  0.0000E+00  0.0000E+00
  7.5000E-02  2.9563E-03  1.0512E+00  2.7645E-02  8.9821E+00  2.5785E+00 -9.1327E-18  8.0089E-15  0.0000E+00  0.0000E+00
  8.0000E-02  3.1534E-03  1.0512E+00  2.5205E-02  8.9816E+00  2.5559E+00  9.2178E-18  1.2724E-14  0.0000E+00  0.0000E+00
  8.5000E-02  3.3505E-03  1.0513E+00  2.2894E-02  8.9811E+00  2.5338E+00  3.2230E-17  1.3278E-14  0.0000E+00  0.0000E+00
  9.0000E-02  3.5476E-03  1.0513E+00  2.1399E-02  8.9806E+00  2.5120E+00  2.8313E-18 -4.6498E-14  0.0000E+00  0.0000E+00
  9.5000E-02  3.7447E-03  1.0513E+00  2.0061E-02  8.9801E+00  2.4903E+00 -3.3572E-17  5.3645E-15  0.0000E+00  0.0000E+00
  1.0000E-01  3.9418E-03  1.0514E+00  1.9459E-02  8.9796E+00  2.4690E+00 -2.7568E-17  1.4194E-15  0.0000E+00  0.0000E+00
  1.0500E-01  4.1389E-03  1.0514E+00  1.8821E-02  8.9791E+00  2.4484E+00 -4.5131E-18  2.4636E-14  0.0000E+00  0.0000E+00
  1.1000E-01  4.3360E-03  1.0514E+00  1.8719E-02  8.9786E+00  2.4281E+00  1.9372E-17  2.3579E-15  0.0000E+00  0.0000E+00
  1.1500E-01  4.5331E-03  1.0515E+00  1.8627E-02  8.9782E+00  2.4079E+00 -1.0091E-17 -3.5659E-14  0.0000E+00  0.0000E+00
  1.2000E-01  4.7302E-03  1.0515E+00  1.9034E-02  8.9777E+00  2.3881E+00 -2.3034E-17  2.1031E-14  0.0000E+00  0.0000E+00
  1.2500E-01  4.9272E-03  1.0515E+00  1.9349E-02  8.9772E+00  2.3688E+00 -3.3082E-17 -3.2390E-14  0.0000E+00  0.0000E+00
  1.3000E-01  5.1243E-03  1.0516E+00  2.0068E-02  8.9767E+00  2.3497E+00 -4.5983E-17  1.7808E-14  0.0000E+00  0.0000E+00
  1.3500E-01  5.3214E-03  1.0516E+00  2.0756E-02  8.9763E+00  2.3304E+00 -1.6137E-17  1.5932E-14  0.0000E+00  0.0000E+00
  1.4000E-01  5.5185E-03  1.0516E+00  2.1830E-02  8.9758E+00  2.3113E+00 -7.8341E-18 -6.5464E-15  0.0000E+00  0.0000E+00
  1.4500E-01  5.7156E-03  1.0517E+00  2.2787E-02  8.9754E+00  2.2926E+00 -7.2380E-18  7.2206E-15  0.0000E+00  0.0000E+00
  1.5000E-01  5.9127E-03  1.0517E+00  2.4054E-02  8.9749E+00  2.2740E+00 -3.6190E-18 -3.1291E-15  0.0000E+00  0.0000E+00
  1.5500E-01  6.1098E-03  1.0518E+00  2.5255E-02  8.9745E+00  2.2552E+00  1.0942E-17  1.9594E-14  0.0000E+00  0.0000E+00
  1.6000E-01  6.3069E-03  1.0518E+00  2.6738E-02  8.9740E+00  2.2366E+00 -1.4050E-18 -3.3557E-14  0.0000E+00  0.0000E+00
  1.6500E-01  6.5040E-03  1.0519E+00  2.8074E-02  8.9736E+00  2.2186E+00 -1.5583E-17  1.7526E-14  0.0000E+00  0.0000E+00
  1.7000E-01  6.7011E-03  1.0519E+00  2.9633E-02  8.9732E+00  2.2009E+00  1.4050E-17  1.5986E-14  0.0000E+00  0.0000E+00
  1.7500E-01  6.8981E-03  1.0520E+00  3.1107E-02  8.9727E+00  2.1831E+00  4.2066E-17  1.5697E-14  0.0000E+00  0.0000E+00
  1.8000E-01  7.0952E-03  1.0520E+00  3.2803E-02  8.9723E+00  2.1655E+00  1.1921E-17 -4.9791E-14  0.0000E+00  0.0000E+00
  1.8500E-01  7.2923E-03  1.0521E+00  3.4358E-02  8.9719E+00  2.1485E+00  1.1921E-18  3.7658E-14  0.0000E+00  0.0000E+00
  1.9000E-01  7.4894E-03  1.0521E+00  3.6110E-02  8.9715E+00  2.1318E+00 -1.2262E-17 -5.2878E-14  0.0000E+00  0.0000E+00
  1.9500E-01  7.6865E-03  1.0522E+00  3.7796E-02  8.9710E+00  2.1150E+00 -9.7074E-18  5.5770E-14  0.0000E+00  0.0000E+00
  2.0000E-01  7.8836E-03  1.0523E+00  3.9670E-02  8.9706E+00  2.0982E+00  4.6494E-17  7.8024E-15  0.0000E+00  0.0000E+00
  2.0500E-01  8.0807E-03  1.0523E+00  4.1412E-02  8.9702E+00  2.0820E+00  3.8234E-17 -1.7147E-14  0.0000E+00  0.0000E+00
  2.1000E-01  8.2778E-03  1.0524E+00  4.3309E-02  8.9698E+00  2.0659E+00  3.5849E-17  1.4450E-14  0.0000E+00  0.0000E+00
  2.1500E-01  8.4749E-03  1.0525E+00  4.5134E-02  8.9694E+00  2.0497E+00  5.6286E-17  8.6705E-15  0.0000E+00  0.0000E+00
  2.2000E-01  8.6720E-03  1.0526E+00  4.7113E-02  8.9690E+00  2.0334E+00  6.5398E-17  1.6378E-15  0.0000E+00  0.0000E+00
  2.2500E-01  8.8690E-03  1.0527E+00  4.8953E-02  8.9686E+00  2.0176E+00  3.8319E-19 -7.5199E-14  0.0000E+00  0.0000E+00
  2.3000E-01  9.0661E-03  1.0528E+00  5.0912E-02  8.9682E+00  2.0020E+00 -1.7286E-17  5.5210E-14  0.0000E+00  0.0000E+00
  2.3500E-01  9.2632E-03  1.0528E+00  5.2796E-02  8.9678E+00  1.9864E+00  2.6951E-17 -5.1551E-15  0.0000E+00  0.0000E+00
  2.4000E-01  9.4603E-03  1.0529E+00  5.4815E-02  8.9674E+00  1.9706E+00  4.3513E-17  2.3897E-14  0.0000E+00  0.0000E+00
  2.4500E-01  9.6574E-03  1.0530E+00  5.6704E-02  8.9670E+00  1.9554E+00  3.3593E-17 -3.5125E-14  0.0000E+00  0.0000E+00
  2.5000E-01  9.8545E-03  1.0531E+00  5.8692E-02  8.9666E+00  1.9403E+00 -1.3454E-17 -1.8117E-14  0.0000E+00  0.0000E+00
  2.5500E-01  1.0052E-02  1.0532E+00  6.0613E-02  8.9663E+00  1.9251E+00  3.9170E-18  3.7778E-14  0.0000E+00  0.0000E+00
  2.6000E-01  1.0249E-02  1.0534E+00  6.2652E-02  8.9659E+00  1.9097E+00  1.9500E-17 -2.0143E-14  0.0000E+00  0.0000E+00
  2.6500E-01  1.0446E-02  1.0535E+00  6.4567E-02  8.9655E+00  1.8948E+00  3.9681E-17  4.2986E-14  0.0000E+00  0.0000E+00
  2.7000E-01  1.0643E-02  1.0536E+00  6.6565E-02  8.9651E+00  1.8800E+00  5.8968E-17 -2.1156E-14  0.0000E+00  0.0000E+00
  2.7500E-01  1.0840E-02  1.0537E+00  6.8498E-02  8.9648E+00  1.8651E+00 -2.1969E-17 -7.0460E-14  0.0000E+00  0.0000E+00
  2.8000E-01  1.1037E-02  1.0538E+00  7.0533E-02  8.9644E+00  1.8500E+00 -3.8319E-18  9.0995E-14  0.0000E+00  0.0000E+00
  2.8500E-01  1.1234E-02  1.0540E+00  7.2453E-02  8.9640E+00  1.8353E+00  3.8532E-17 -4.3041E-14  0.0000E+00  0.0000E+00
  2.9000E-01  1.1431E-02  1.0541E+00  7.4443E-02  8.9637E+00  1.8207E+00  2.1544E-17  2.3811E-14  0.0000E+00  0.0000E+00
  2.9500E-01  1.1628E-02  1.0542E+00  7.6374E-02  8.9633E+00  1.8060E+00  2.1203E-17 -2.4197E-14  0.0000E+00  0.0000E+00
  3.0000E-01  1.1825E-02  1.0544E+00  7.8394E-02  8.9630E+00  1.7911E+00 -6.3865E-19 -5.3024E-16  0.0000E+00  0.0000E+00
  3.0500E-01  1.2022E-02  1.0545E+00  8.0301E-02  8.9626E+00  1.7766E+00 -3.7169E-17 -4.0830E-14  0.0000E+00  0.0000E+00
  3.1000E-01  1.2220E-02  1.0546E+00  8.2265E-02  8.9623E+00  1.7622E+00 -2.7802E-17  5.1438E-14  0.0000E+00  0.0000E+00
  3.1500E-01  1.2417E-02  1.0548E+00  8.4169E-02  8.9619E+00  1.7476E+00  2.3289E-17  6.4119E-15  0.0000E+00  0.0000E+00
  3.2000E-01  1.2614E-02  1.0549E+00  8.6148E-02  8.9616E+00  1.7329E+00  2.5929E-17 -3.4230E-15  0.0000E+00  0.0000E+00
  3.2500E-01  1.2811E-02  1.0551E+00  8.8025E-02  8.9612E+00  1.7185E+00  5.6201E-18 -1.9575E-14  0.0000E+00  0.0000E+00
  3.3000E-01  1.3008E-02  1.0552E+00  8.9954E-02  8.9609E+00  1.7041E+00  3.5381E-17  5.3278E-14  0.0000E+00  0.0000E+00
  3.3500E-01  1.3205E-02  1.0554E+00  9.1825E-02  8.9606E+00  1.6896E+00  4.0107E-17 -4.7928E-14  0.0000E+00  0.0000E+00
  3.4000E-01  1.3402E-02  1.0556E+00  9.3774E-02  8.9602E+00  1.6750E+00  2.2949E-17  2.8497E-14  0.0000E+00  0.0000E+00
  3.4500E-01  1.3599E-02  1.0557E+00  9.5619E-02  8.9599E+00  1.6606E+00  1.2134E-17 -4.0746E-14  0.0000E+00  0.0000E+00
  3.5000E-01  1.3796E-02  1.0559E+00  9.7496E-02  8.9596E+00  1.6463E+00 -2.9591E-17 -6.5100E-15  0.0000E+00  0.0000E+00
  3.5500E-01  1.3993E-02  1.0561E+00  9.9319E-02  8.9593E+00  1.6318E+00  4.2577E-19  4.0508E-14  0.0000E+00  0.0000E+00
  3.6000E-01  1.4190E-02  1.0563E+00  1.0120E-01  8.9589E+00  1.6172E+00 -2.3289E-17 -6.7371E-14  0.0000E+00  0.0000E+00
  3.6500E-01  1.4388E-02  1.0564E+00  1.0298E-01  8.9586E+00  1.6028E+00 -3.3848E-17  5.5413E-14  0.0000E+00  0.0000E+00
  3.7000E-01  1.4585E-02  1.0566E+00  1.0481E-01  8.9583E+00  1.5885E+00  2.7419E-17  1.3986E-14  0.0000E+00  0.0000E+00
  3.7500E-01  1.4782E-02  1.0568E+00  1.0658E-01  8.9580E+00  1.5740E+00  1.8052E-17 -2.4598E-14  0.0000E+00  0.0000E+00
  3.8000E-01  1.4979E-02  1.0570E+00  1.0843E-01  8.9577E+00  1.5593E+00 -2.3928E-17 -2.2959E-14  0.0000E+00  0.0000E+00
  3.8500E-01  1.5176E-02  1.0572E+00  1.1018E-01  8.9574E+00  1.5449E+00 -2.0479E-17  2.6866E-14  0.0000E+00  0.0000E+00
  3.9000E-01  1.5373E-02  1.0574E+00  1.1194E-01  8.9571E+00  1.5306E+00  6.1864E-17  6.6421E-14  0.0000E+00  0.0000E+00
  3.9500E-01  1.5570E-02  1.0576E+00  1.1366E-01  8.9568E+00  1.5160E+00  7.0422E-17 -5.6727E-14  0.0000E+00  0.0000E+00
  4.0000E-01  1.5767E-02  1.0578E+00  1.1542E-01  8.9565E+00  1.5014E+00  2.3162E-17  3.1838E-15  0.0000E+00  0.0000E+00
  4.0500E-01  1.5964E-02  1.0580E+00  1.1709E-01  8.9562E+00  1.4870E+00  1.4689E-17 -1.2784E-14  0.0000E+00  0.0000E+00
  4.1000E-01  1.6161E-02  1.0582E+00  1.1879E-01  8.9559E+00  1.4725E+00 -6.8974E-18 -1.1675E-14  0.0000E+00  0.0000E+00
  4.1500E-01  1.6358E-02  1.0584E+00  1.2045E-01  8.9556E+00  1.4579E+00 -9.5371E-18  8.6839E-15  0.0000E+00  0.0000E+00
  4.2000E-01  1.6556E-02  1.0586E+00  1.2218E-01  8.9553E+00  1.4432E+00 -8.0044E-18 -6.9473E-15  0.0000E+00  0.0000E+00
  4.2500E-01  1.6753E-02  1.0588E+00  1.2382E-01  8.9550E+00  1.4287E+00 -6.4716E-17 -5.7317E-14  0.0000E+00  0.0000E+00
  4.3000E-01  1.6950E-02  1.0591E+00  1.2545E-01  8.9548E+00  1.4142E+00 -3.1762E-17  9.4663E-14  0.0000E+00  0.0000E+00
  4.3500E-01  1.7147E-02  1.0593E+00  1.2705E-01  8.9545E+00  1.3995E+00 -6.5568E-18 -6.6102E-14  0.0000E+00  0.0000E+00
  4.4000E-01  1.7344E-02  1.0595E+00  1.2868E-01  8.9542E+00  1.3847E+00 -4.6494E-17  2.0845E-14  0.0000E+00  0.0000E+00
  4.4500E-01  1.7541E-02  1.0597E+00  1.3022E-01  8.9539E+00  1.3702E+00  2.9293E-17  6.5045E-14  0.0000E+00  0.0000E+00
  4.5000E-01  1.7738E-02  1.0600E+00  1.3180E-01  8.9537E+00  1.3556E+00  2.5631E-17 -6.9196E-14  0.0000E+00  0.0000E+00
  4.5500E-01  1.7935E-02  1.0602E+00  1.3333E-01  8.9534E+00  1.3409E+00 -6.4631E-17 -3.3103E-14  0.0000E+00  0.0000E+00
  4.6000E-01  1.8132E-02  1.0604E+00  1.3493E-01  8.9531E+00  1.3260E+00 -7.6808E-17  1.9303E-14  0.0000E+00  0.0000E+00
  4.6500E-01  1.8329E-02  1.0607E+00  1.3645E-01  8.9529E+00  1.3113E+00  5.9607E-18  7.4511E-14  0.0000E+00  0.0000E+00
  4.7000E-01  1.8526E-02  1.0609E+00  1.3795E-01  8.9526E+00  1.2966E+00  6.1991E-17 -1.1003E-14  0.0000E+00  0.0000E+00
  4.7500E-01  1.8724E-02  1.0612E+00  1.3942E-01  8.9524E+00  1.2818E+00  9.0262E-18 -4.9033E-14  0.0000E+00  0.0000E+00
  4.8000E-01  1.8921E-02  1.0614E+00  1.4093E-01  8.9521E+00  1.2669E+00 -2.7504E-17  7.6255E-15  0.0000E+00  0.0000E+00
  4.8500E-01  1.9118E-02  1.0617E+00  1.4235E-01  8.9519E+00  1.2522E+00  3.9341E-17  6.8149E-14  0.0000E+00  0.0000E+00
  4.9000E-01  1.9315E-02  1.0619E+00  1.4379E-01  8.9516E+00  1.2374E+00  6.9825E-17 -3.3593E-14  0.0000E+00  0.0000E+00
  4.9500E-01  1.9512E-02  1.0622E+00  1.4520E-01  8.9514E+00  1.2226E+00  1.8904E-17 -2.4133E-14  0.0000E+00  0.0000E+00
  5.0000E-01  1.9709E-02  1.0624E+00  1.4669E-01  8.9511E+00  1.2075E+00  4.8963E-17  5.8211E-14  0.0000E+00  0.0000E+00
  5.0500E-01  1.9906E-02  1.0627E+00  1.4809E-01  8.9509E+00  1.1926E+00  1.4221E-17 -9.7600E-14  0.0000E+00  0.0000E+00
  5.1000E-01  2.0103E-02  1.0630E+00  1.4947E-01  8.9507E+00  1.1779E+00 -5.0666E-17  2.4039E-14  0.0000E+00  0.0000E+00
  5.1500E-01  2.0300E-02  1.0632E+00  1.5083E-01  8.9504E+00  1.1629E+00 -6.0459E-18  2.6549E-14  0.0000E+00  0.0000E+00
  5.2000E-01  2.0497E-02  1.0635E+00  1.5222E-01  8.9502E+00  1.1478E+00  8.6856E-18 -9.8477E-15  0.0000E+00  0.0000E+00
  5.2500E-01  2.0694E-02  1.0638E+00  1.5352E-01  8.9500E+00  1.1330E+00 -5.6371E-17 -6.3915E-14  0.0000E+00  0.0000E+00
  5.3000E-01  2.0892E-02  1.0640E+00  1.5485E-01  8.9498E+00  1.1181E+00 -8.0640E-17  3.6400E-14  0.0000E+00  0.0000E+00
  5.3500E-01  2.1089E-02  1.0643E+00  1.5616E-01  8.9495E+00  1.1031E+00 -6.0118E-17 -1.3131E-14  0.0000E+00  0.0000E+00
  5.4000E-01  2.1286E-02  1.0646E+00  1.5751E-01  8.9493E+00  1.0879E+00 -7.4935E-17 -3.6691E-15  0.0000E+00  0.0000E+00
  5.4500E-01  2.1483E-02  1.0649E+00  1.5879E-01  8.9491E+00  1.0730E+00 -2.5546E-18  8.5743E-14  0.0000E+00  0.0000E+00
  5.5000E-01  2.1680E-02  1.0651E+00  1.6006E-01  8.9489E+00  1.0581E+00  2.1118E-17 -5.8901E-14  0.0000E+00  0.0000E+00
  5.5500E-01  2.1877E-02  1.0654E+00  1.6132E-01  8.9487E+00  1.0430E+00 -3.0570E-17  2.8969E-16  0.0000E+00  0.0000E+00
  5.6000E-01  2.2074E-02  1.0657E+00  1.6260E-01  8.9485E+00  1.0278E+00 -8.9411E-18  2.4238E-14  0.0000E+00  0.0000E+00
  5.6500E-01  2.2271E-02  1.0660E+00  1.6381E-01  8.9483E+00  1.0129E+00  4.5131E-17  3.7081E-14  0.0000E+00  0.0000E+00
  5.7000E-01  2.2468E-02  1.0663E+00  1.6503E-01  8.9481E+00  9.9794E-01  6.8548E-17 -1.0526E-14  0.0000E+00  0.0000E+00
  5.7500E-01  2.2665E-02  1.0666E+00  1.6624E-01  8.9479E+00  9.8286E-01  2.0011E-17 -4.4519E-14  0.0000E+00  0.0000E+00
  5.8000E-01  2.2862E-02  1.0669E+00  1.6749E-01  8.9477E+00  9.6763E-01 -3.3380E-17 -1.6031E-14  0.0000E+00  0.0000E+00
  5.8500E-01  2.3060E-02  1.0672E+00  1.6867E-01  8.9475E+00  9.5266E-01 -7.5275E-17 -3.1483E-14  0.0000E+00  0.0000E+00
  5.9000E-01  2.3257E-02  1.0675E+00  1.6985E-01  8.9473E+00  9.3769E-01 -4.2066E-17  6.9149E-14  0.0000E+00  0.0000E+00
  5.9500E-01  2.3454E-02  1.0678E+00  1.7101E-01  8.9471E+00  9.2254E-01  1.9245E-17  3.8631E-16  0.0000E+00  0.0000E+00
  6.0000E-01  2.3651E-02  1.0681E+00  1.7220E-01  8.9470E+00  9.0736E-01 -5.7904E-18 -2.8781E-14  0.0000E+00  0.0000E+00
  6.0500E-01  2.3848E-02  1.0684E+00  1.7333E-01  8.9468E+00  8.9242E-01 -5.1092E-19  3.4770E-14  0.0000E+00  0.0000E+00
  6.1000E-01  2.4045E-02  1.0687E+00  1.7446E-01  8.9466E+00  8.7742E-01  3.9766E-17  1.0914E-14  0.0000E+00  0.0000E+00
  6.1500E-01  2.4242E-02  1.0690E+00  1.7559E-01  8.9464E+00  8.6228E-01  2.8015E-17 -2.4243E-14  0.0000E+00  0.0000E+00
  6.2000E-01  2.4439E-02  1.0693E+00  1.7675E-01  8.9463E+00  8.4708E-01 -4.0788E-17 -5.3800E-14  0.0000E+00  0.0000E+00
  6.2500E-01  2.4636E-02  1.0696E+00  1.7784E-01  8.9461E+00  8.3214E-01 -7.6978E-17  1.2750E-14  0.0000E+00  0.0000E+00
  6.3000E-01  2.4833E-02  1.0699E+00  1.7894E-01  8.9459E+00  8.1716E-01  3.8319E-18  7.8915E-14  0.0000E+00  0.0000E+00
  6.3500E-01  2.5030E-02  1.0702E+00  1.8003E-01  8.9458E+00  8.0200E-01  4.5131E-18 -7.8144E-14  0.0000E+00  0.0000E+00
  6.4000E-01  2.5228E-02  1.0706E+00  1.8114E-01  8.9456E+00  7.8684E-01  2.9804E-17  1.0683E-13  0.0000E+00  0.0000E+00
  6.4500E-01  2.5425E-02  1.0709E+00  1.8220E-01  8.9455E+00  7.7191E-01  8.3195E-17 -4.6270E-14  0.0000E+00  0.0000E+00
  6.5000E-01  2.5622E-02  1.0712E+00  1.8327E-01  8.9453E+00  7.5695E-01 -2.8271E-17 -8.0177E-14  0.0000E+00  0.0000E+00
  6.5500E-01  2.5819E-02  1.0715E+00  1.8433E-01  8.9452E+00  7.4183E-01 -2.4098E-17  8.4911E-14  0.0000E+00  0.0000E+00
  6.6000E-01  2.6016E-02  1.0719E+00  1.8541E-01  8.9450E+00  7.2668E-01  6.3269E-17  1.4200E-14  0.0000E+00  0.0000E+00
  6.6500E-01  2.6213E-02  1.0722E+00  1.8643E-01  8.9449E+00  7.1176E-01  7.5701E-17 -9.6603E-17  0.0000E+00  0.0000E+00
  6.7000E-01  2.6410E-02  1.0725E+00  1.8747E-01  8.9448E+00  6.9685E-01  5.6031E-17 -2.2219E-14  0.0000E+00  0.0000E+00
  6.7500E-01  2.6607E-02  1.0728E+00  1.8851E-01  8.9446E+00  6.8175E-01  1.0814E-17 -2.9078E-14  0.0000E+00  0.0000E+00
  6.8000E-01  2.6804E-02  1.0732E+00  1.8955E-01  8.9445E+00  6.6660E-01 -4.6238E-17 -3.5648E-14  0.0000E+00  0.0000E+00
  6.8500E-01  2.7001E-02  1.0735E+00  1.9055E-01  8.9444E+00  6.5168E-01  3.9341E-17  1.3274E-13  0.0000E+00  0.0000E+00
  6.9000E-01  2.7198E-02  1.0738E+00  1.9157E-01  8.9442E+00  6.3680E-01  5.5094E-17 -1.1487E-13  0.0000E+00  0.0000E+00
  6.9500E-01  2.7396E-02  1.0742E+00  1.9259E-01  8.9441E+00  6.2175E-01 -6.5738E-17 -2.2221E-14  0.0000E+00  0.0000E+00
  7.0000E-01  2.7593E-02  1.0745E+00  1.9361E-01  8.9440E+00  6.0662E-01 -5.1432E-17  3.8452E-14  0.0000E+00  0.0000E+00
  7.0500E-01  2.7790E-02  1.0749E+00  1.9459E-01  8.9439E+00  5.9174E-01 -4.7941E-17 -3.4491E-14  0.0000E+00  0.0000E+00
  7.1000E-01  2.7987E-02  1.0752E+00  1.9559E-01  8.9437E+00  5.7690E-01 -7.4509E-17  4.3477E-15  0.0000E+00  0.0000E+00
  7.1500E-01  2.8184E-02  1.0756E+00  1.9659E-01  8.9436E+00  5.6181E-01 -4.0959E-17  3.3719E-14  0.0000E+00  0.0000E+00
  7.2000E-01  2.8381E-02  1.0759E+00  1.9759E-01  8.9435E+00  5.4667E-01  9.7074E-18  2.3768E-14  0.0000E+00  0.0000E+00
  7.2500E-01  2.8578E-02  1.0763E+00  1.9855E-01  8.9434E+00  5.3177E-01  6.5994E-17  4.0097E-14  0.0000E+00  0.0000E+00
  7.3000E-01  2.8775E-02  1.0766E+00  1.9954E-01  8.9433E+00  5.1690E-01  8.2258E-17 -2.1643E-14  0.0000E+00  0.0000E+00
  7.3500E-01  2.8972E-02  1.0770E+00  2.0052E-01  8.9432E+00  5.0175E-01 -2.5290E-17 -1.0039E-13  0.0000E+00  0.0000E+00
  7.4000E-01  2.9169E-02  1.0773E+00  2.0151E-01  8.9431E+00  4.8662E-01 -4.9985E-17  7.2370E-14  0.0000E+00  0.0000E+00
  7.4500E-01  2.9366E-02  1.0777E+00  2.0247E-01  8.9430E+00  4.7180E-01 -7.4083E-18 -2.4059E-14  0.0000E+00  0.0000E+00
  7.5000E-01  2.9564E-02  1.0780E+00  2.0343E-01  8.9429E+00  4.5694E-01 -3.7723E-17 -1.0339E-14  0.0000E+00  0.0000E+00
  7.5500E-01  2.9761E-02  1.0784E+00  2.0440E-01  8.9428E+00  4.4169E-01 -9.0433E-17 -4.9472E-14  0.0000E+00  0.0000E+00
  7.6000E-01  2.9958E-02  1.0787E+00  2.0538E-01  8.9428E+00  4.2644E-01 -8.2088E-17  5.8942E-14  0.0000E+00  0.0000E+00
  7.6500E-01  3.0155E-02  1.0791E+00  2.0634E-01  8.9427E+00  4.1153E-01  5.6627E-17  9.8463E-14  0.0000E+00  0.0000E+00
  7.7000E-01  3.0352E-02  1.0795E+00  2.0729E-01  8.9426E+00  3.9656E-01  9.2221E-17 -5.8073E-14  0.0000E+00  0.0000E+00
  7.7500E-01  3.0549E-02  1.0798E+00  2.0825E-01  8.9425E+00  3.8119E-01  3.3210E-17 -8.8898E-15  0.0000E+00  0.0000E+00
  7.8000E-01  3.0746E-02  1.0802E+00  2.0922E-01  8.9424E+00  3.6585E-01 -1.5328E-18 -3.0535E-14  0.0000E+00  0.0000E+00
  7.8500E-01  3.0943E-02  1.0806E+00  2.1019E-01  8.9424E+00  3.5089E-01  1.5413E-17  4.9765E-14  0.0000E+00  0.0000E+00
  7.9000E-01  3.1140E-02  1.0809E+00  2.1115E-01  8.9423E+00  3.3586E-01  9.7074E-18 -5.6239E-14  0.0000E+00  0.0000E+00
  7.9500E-01  3.1337E-02  1.0813E+00  2.1210E-01  8.9422E+00  3.2028E-01 -1.8904E-17  2.3771E-14  0.0000E+00  0.0000E+00
  8.0000E-01  3.1534E-02  1.0817E+00  2.1306E-01  8.9422E+00  3.0464E-01 -8.5153E-18 -1.1982E-14  0.0000E+00  0.0000E+00
  8.0500E-01  3.1731E-02  1.0821E+00  2.1403E-01  8.9421E+00  2.8946E-01 -2.2140E-17 -3.4788E-15  0.0000E+00  0.0000E+00
  8.1000E-01  3.1929E-02  1.0825E+00  2.1500E-01  8.9421E+00  2.7423E-01  2.9378E-17  6.1942E-14  0.0000E+00  0.0000E+00
  8.1500E-01  3.2126E-02  1.0828E+00  2.1594E-01  8.9420E+00  2.5825E-01  1.0840E-16  2.7734E-14  0.0000E+00  0.0000E+00
  8.2000E-01  3.2323E-02  1.0832E+00  2.1689E-01  8.9420E+00  2.4222E-01  6.9740E-17 -7.1606E-14  0.0000E+00  0.0000E+00
  8.2500E-01  3.2520E-02  1.0836E+00  2.1788E-01  8.9419E+00  2.2694E-01 -2.7760E-17 -3.9041E-14  0.0000E+00  0.0000E+00
  8.3000E-01  3.2717E-02  1.0840E+00  2.1887E-01  8.9419E+00  2.1149E-01  3.0911E-17  1.0562E-13  0.0000E+00  0.0000E+00
  8.3500E-01  3.2914E-02  1.0844E+00  2.1980E-01  8.9418E+00  1.9496E-01  6.9059E-17 -6.2330E-14  0.0000E+00  0.0000E+00
  8.4000E-01  3.3111E-02  1.0848E+00  2.2074E-01  8.9418E+00  1.7825E-01  7.5105E-17  6.9192E-14  0.0000E+00  0.0000E+00
  8.4500E-01  3.3308E-02  1.0851E+00  2.2174E-01  8.9418E+00  1.6268E-01  8.4983E-17 -5.7982E-14  0.0000E+00  0.0000E+00
  8.5000E-01  3.3505E-02  1.0855E+00  2.2276E-01  8.9417E+00  1.4682E-01 -3.1677E-17 -7.4411E-14  0.0000E+00  0.0000E+00
  8.5500E-01  3.3702E-02  1.0859E+00  2.2367E-01  8.9417E+00  1.2959E-01 -2.2651E-17  8.4654E-14  0.0000E+00  0.0000E+00
  8.6000E-01  3.3899E-02  1.0863E+00  2.2461E-01  8.9417E+00  1.1211E-01 -5.3561E-17 -1.1973E-13  0.0000E+00  0.0000E+00
  8.6500E-01  3.4097E-02  1.0867E+00  2.2563E-01  8.9417E+00  9.5968E-02 -1.4238E-16  1.8941E-14  0.0000E+00  0.0000E+00
  8.7000E-01  3.4294E-02  1.0871E+00  2.2667E-01  8.9416E+00  7.9535E-02 -1.1581E-16  1.1210E-14  0.0000E+00  0.0000E+00
  8.7500E-01  3.4491E-02  1.0875E+00  2.2760E-01  8.9416E+00  6.1619E-02 -4.9559E-17  6.3974E-14  0.0000E+00  0.0000E+00
  8.8000E-01  3.4688E-02  1.0879E+00  2.2850E-01  8.9416E+00  4.3058E-02  2.0862E-17  1.5945E-14  0.0000E+00  0.0000E+00
  8.8500E-01  3.4885E-02  1.0883E+00  2.2949E-01  8.9416E+00  2.5876E-02 -1.6945E-17 -5.8853E-14  0.0000E+00  0.0000E+00
  8.9000E-01  3.5082E-02  1.0887E+00  2.3057E-01  8.9416E+00  8.5774E-03 -1.0065E-16 -3.6143E-14  0.0000E+00  0.0000E+00
  8.9500E-01  3.5279E-02  1.0891E+00  2.3154E-01  8.9416E+00 -1.0204E-02 -6.5057E-17  7.6538E-14  0.0000E+00  0.0000E+00
  9.0000E-01  3.5476E-02  1.0895E+00  2.3244E-01  8.9416E+00 -2.9868E-02  2.6312E-17  2.7155E-14  0.0000E+00  0.0000E+00
  9.0500E-01  3.5673E-02  1.0900E+00  2.3338E-01  8.9416E+00 -4.8331E-02  4.9900E-17 -3.8655E-16  0.0000E+00  0.0000E+00
  9.1000E-01  3.5870E-02  1.0904E+00  2.3444E-01  8.9416E+00 -6.6950E-02  1.1070E-18 -5.4987E-14  0.0000E+00  0.0000E+00
  9.1500E-01  3.6067E-02  1.0908E+00  2.3547E-01  8.9417E+00 -8.6886E-02 -1.5583E-17  3.6046E-14  0.0000E+00  0.0000E+00
  9.2000E-01  3.6265E-02  1.0912E+00  2.3641E-01  8.9417E+00 -1.0792E-01 -3.0655E-17 -5.3151E-14  0.0000E+00  0.0000E+00
  9.2500E-01  3.6462E-02  1.0916E+00  2.3726E-01  8.9417E+00 -1.2822E-01 -3.3039E-17  5.0445E-14  0.0000E+00  0.0000E+00
  9.3000E-01  3.6659E-02  1.0920E+00  2.3814E-01  8.9417E+00 -1.4875E-01 -4.5557E-17 -6.4650E-14  0.0000E+00  0.0000E+00
  9.3500E-01  3.6856E-02  1.0925E+00  2.3924E-01  8.9418E+00 -1.6998E-01 -8.8133E-17  1.6332E-14  0.0000E+00  0.0000E+00
  9.4000E-01  3.7053E-02  1.0929E+00  2.4041E-01  8.9418E+00 -1.9218E-01 -4.3598E-17  3.4209E-14  0.0000E+00  0.0000E+00
  9.4500E-01  3.7250E-02  1.0933E+00  2.4122E-01  8.9418E+00 -2.1451E-01  1.3284E-17  3.0344E-14  0.0000E+00  0.0000E+00
  9.5000E-01  3.7447E-02  1.0937E+00  2.4191E-01  8.9419E+00 -2.3717E-01  9.0262E-18 -3.5175E-14  0.0000E+00  0.0000E+00
  9.5500E-01  3.7644E-02  1.0942E+00  2.4297E-01  8.9419E+00 -2.5981E-01 -4.9900E-17 -3.1696E-14  0.0000E+00  0.0000E+00
  9.6000E-01  3.7841E-02  1.0946E+00  2.4418E-01  8.9420E+00 -2.8239E-01 -3.0825E-17  5.3342E-14  0.0000E+00  0.0000E+00
  9.6500E-01  3.8038E-02  1.0950E+00  2.4523E-01  8.9420E+00 -3.0534E-01  2.0266E-17  4.6384E-15  0.0000E+00  0.0000E+00
  9.7000E-01  3.8235E-02  1.0954E+00  2.4615E-01  8.9421E+00 -3.2879E-01 -1.8138E-17 -4.8220E-14  0.0000E+00  0.0000E+00
  9.7500E-01  3.8433E-02  1.0959E+00  2.4739E-01  8.9422E+00 -3.4853E-01  1.6860E-17  8.7936E-14  0.0000E+00  0.0000E+00
  9.8000E-01  3.8630E-02  1.0963E+00  2.4867E-01  8.9422E+00 -3.6383E-01  3.1507E-17 -7.1314E-14  0.0000E+00  0.0000E+00
  9.8500E-01  3.8827E-02  1.0968E+00  2.5021E-01  8.9423E+00 -3.7459E-01 -5.8756E-18  2.8893E-14  0.0000E+00  0.0000E+00
  9.9000E-01  3.9024E-02  1.0972E+00  2.5378E-01  8.9424E+00 -3.6692E-01  7.8852E-17  6.7255E-14  0.0000E+00  0.0000E+00
  9.9500E-01  3.9221E-02  1.0977E+00  2.5903E-01  8.9424E+00 -3.3952E-01  1.0304E-17 -1.4504E-13  0.0000E+00  0.0000E+00

      S        DMerc        DShear       DCurr       DWell       Dgeod
----------------------------------------------------------------------------------------------------
  5.0000E-03 -2.5125E+08  1.0484E+00 -1.9416E+02 -0.0000E+00 -2.5125E+08
  1.0000E-02 -1.3310E+06  2.4847E+00 -1.8020E+01 -0.0000E+00 -1.3309E+06
  1.5000E-02 -7.4058E+04  1.2796E+00  1.0894E-01 -0.0000E+00 -7.4059E+04
  2.0000E-02 -1.2693E+04  7.6361E-01  8.4684E-01 -0.0000E+00 -1.2694E+04
  2.5000E-02 -4.6662E+03  4.4193E-01  7.7062E-01 -0.0000E+00 -4.6674E+03
  3.0000E-02 -2.6086E+03  2.7143E-01  5.2353E-01 -0.0000E+00 -2.6094E+03
  3.5000E-02 -1.7351E+03  1.7400E-01  3.5664E-01 -0.0000E+00 -1.7356E+03
  4.0000E-02 -1.2431E+03  1.1958E-01  2.4212E-01 -0.0000E+00 -1.2435E+03
  4.5000E-02 -9.2458E+02  8.2307E-02  1.7536E-01 -0.0000E+00 -9.2484E+02
  5.0000E-02 -7.0499E+02  5.9298E-02  1.3045E-01 -0.0000E+00 -7.0518E+02
  5.5000E-02 -5.4730E+02  4.3185E-02  1.0305E-01 -0.0000E+00 -5.4745E+02
  6.0000E-02 -4.3228E+02  3.3100E-02  8.2200E-02 -0.0000E+00 -4.3239E+02
  6.5000E-02 -3.4661E+02  2.5030E-02  6.8917E-02 -0.0000E+00 -3.4670E+02
  7.0000E-02 -2.8229E+02  1.9658E-02  5.8245E-02 -0.0000E+00 -2.8236E+02
  7.5000E-02 -2.3284E+02  1.5415E-02  5.1153E-02 -0.0000E+00 -2.3291E+02
  8.0000E-02 -1.9459E+02  1.2812E-02  4.5086E-02 -0.0000E+00 -1.9465E+02
  8.5000E-02 -1.6433E+02  1.0569E-02  4.0957E-02 -0.0000E+00 -1.6438E+02
  9.0000E-02 -1.4036E+02  9.2331E-03  3.7496E-02 -0.0000E+00 -1.4040E+02
  9.5000E-02 -1.2088E+02  8.1135E-03  3.5399E-02 -0.0000E+00 -1.2092E+02
  1.0000E-01 -1.0514E+02  7.6331E-03  3.3754E-02 -0.0000E+00 -1.0518E+02
  1.0500E-01 -9.2065E+01  7.1402E-03  3.2988E-02 -0.0000E+00 -9.2105E+01
  1.1000E-01 -8.1321E+01  7.0620E-03  3.2530E-02 -0.0000E+00 -8.1360E+01
  1.1500E-01 -7.2231E+01  6.9923E-03  3.2844E-02 -0.0000E+00 -7.2271E+01
  1.2000E-01 -6.4626E+01  7.2998E-03  3.3363E-02 -0.0000E+00 -6.4667E+01
  1.2500E-01 -5.8054E+01  7.5426E-03  3.4444E-02 -0.0000E+00 -5.8096E+01
  1.3000E-01 -5.2495E+01  8.1127E-03  3.5643E-02 -0.0000E+00 -5.2539E+01
  1.3500E-01 -4.7644E+01  8.6780E-03  3.7468E-02 -0.0000E+00 -4.7690E+01
  1.4000E-01 -4.3527E+01  9.5981E-03  3.9310E-02 -0.0000E+00 -4.3576E+01
  1.4500E-01 -3.9876E+01  1.0457E-02  4.1661E-02 -0.0000E+00 -3.9928E+01
  1.5000E-01 -3.6748E+01  1.1651E-02  4.3950E-02 -0.0000E+00 -3.6804E+01
  1.5500E-01 -3.3955E+01  1.2843E-02  4.6887E-02 -0.0000E+00 -3.4015E+01
  1.6000E-01 -3.1539E+01  1.4394E-02  4.9647E-02 -0.0000E+00 -3.1604E+01
  1.6500E-01 -2.9333E+01  1.5866E-02  5.2955E-02 -0.0000E+00 -2.9402E+01
  1.7000E-01 -2.7417E+01  1.7677E-02  5.6024E-02 -0.0000E+00 -2.7491E+01
  1.7500E-01 -2.5674E+01  1.9477E-02  5.9840E-02 -0.0000E+00 -2.5753E+01
  1.8000E-01 -2.4169E+01  2.1655E-02  6.3318E-02 -0.0000E+00 -2.4253E+01
  1.8500E-01 -2.2766E+01  2.3755E-02  6.7420E-02 -0.0000E+00 -2.2857E+01
  1.9000E-01 -2.1545E+01  2.6237E-02  7.1095E-02 -0.0000E+00 -2.1643E+01
  1.9500E-01 -2.0413E+01  2.8741E-02  7.5614E-02 -0.0000E+00 -2.0517E+01
  2.0000E-01 -1.9425E+01  3.1660E-02  7.9592E-02 -0.0000E+00 -1.9536E+01
  2.0500E-01 -1.8480E+01  3.4498E-02  8.4245E-02 -0.0000E+00 -1.8599E+01
  2.1000E-01 -1.7656E+01  3.7727E-02  8.8281E-02 -0.0000E+00 -1.7782E+01
  2.1500E-01 -1.6881E+01  4.0970E-02  9.3284E-02 -0.0000E+00 -1.7015E+01
  2.2000E-01 -1.6212E+01  4.4638E-02  9.7565E-02 -0.0000E+00 -1.6355E+01
  2.2500E-01 -1.5562E+01  4.8189E-02  1.0261E-01 -0.0000E+00 -1.5713E+01
  2.3000E-01 -1.4997E+01  5.2119E-02  1.0685E-01 -0.0000E+00 -1.5156E+01
  2.3500E-01 -1.4452E+01  5.6043E-02  1.1218E-01 -0.0000E+00 -1.4620E+01
  2.4000E-01 -1.3979E+01  6.0406E-02  1.1659E-01 -0.0000E+00 -1.4156E+01
  2.4500E-01 -1.3504E+01  6.4635E-02  1.2184E-01 -0.0000E+00 -1.3691E+01
  2.5000E-01 -1.3095E+01  6.9239E-02  1.2611E-01 -0.0000E+00 -1.3290E+01
  2.5500E-01 -1.2700E+01  7.3840E-02  1.3155E-01 -0.0000E+00 -1.2905E+01
  2.6000E-01 -1.2362E+01  7.8885E-02  1.3589E-01 -0.0000E+00 -1.2577E+01
  2.6500E-01 -1.2011E+01  8.3775E-02  1.4115E-01 -0.0000E+00 -1.2236E+01
  2.7000E-01 -1.1709E+01  8.9031E-02  1.4525E-01 -0.0000E+00 -1.1943E+01
  2.7500E-01 -1.1410E+01  9.4271E-02  1.5060E-01 -0.0000E+00 -1.1654E+01
  2.8000E-01 -1.1155E+01  9.9947E-02  1.5469E-01 -0.0000E+00 -1.1410E+01
  2.8500E-01 -1.0888E+01  1.0545E-01  1.5975E-01 -0.0000E+00 -1.1153E+01
  2.9000E-01 -1.0661E+01  1.1132E-01  1.6351E-01 -0.0000E+00 -1.0936E+01
  2.9500E-01 -1.0433E+01  1.1716E-01  1.6856E-01 -0.0000E+00 -1.0719E+01
  3.0000E-01 -1.0240E+01  1.2343E-01  1.7217E-01 -0.0000E+00 -1.0535E+01
  3.0500E-01 -1.0028E+01  1.2950E-01  1.7685E-01 -0.0000E+00 -1.0334E+01
  3.1000E-01 -9.8472E+00  1.3590E-01  1.8011E-01 -0.0000E+00 -1.0163E+01
  3.1500E-01 -9.6624E+00  1.4225E-01  1.8471E-01 -0.0000E+00 -9.9893E+00
  3.2000E-01 -9.5088E+00  1.4901E-01  1.8776E-01 -0.0000E+00 -9.8456E+00
  3.2500E-01 -9.3383E+00  1.5556E-01  1.9194E-01 -0.0000E+00 -9.6857E+00
  3.3000E-01 -9.1982E+00  1.6244E-01  1.9458E-01 -0.0000E+00 -9.5553E+00
  3.3500E-01 -9.0525E+00  1.6925E-01  1.9858E-01 -0.0000E+00 -9.4203E+00
  3.4000E-01 -8.9301E+00  1.7650E-01  2.0085E-01 -0.0000E+00 -9.3075E+00
  3.4500E-01 -8.7855E+00  1.8350E-01  2.0432E-01 -0.0000E+00 -9.1733E+00
  3.5000E-01 -8.6649E+00  1.9076E-01  2.0626E-01 -0.0000E+00 -9.0619E+00
  3.5500E-01 -8.5368E+00  1.9795E-01  2.0957E-01 -0.0000E+00 -8.9443E+00
  3.6000E-01 -8.4333E+00  2.0549E-01  2.1114E-01 -0.0000E+00 -8.8499E+00
  3.6500E-01 -8.3151E+00  2.1279E-01  2.1399E-01 -0.0000E+00 -8.7419E+00
  3.7000E-01 -8.2204E+00  2.2039E-01  2.1518E-01 -0.0000E+00 -8.6560E+00
  3.7500E-01 -8.1159E+00  2.2790E-01  2.1775E-01 -0.0000E+00 -8.5616E+00
  3.8000E-01 -8.0286E+00  2.3585E-01  2.1833E-01 -0.0000E+00 -8.4828E+00
  3.8500E-01 -7.9229E+00  2.4351E-01  2.2025E-01 -0.0000E+00 -8.3866E+00
  3.9000E-01 -7.8368E+00  2.5135E-01  2.2062E-01 -0.0000E+00 -8.3088E+00
  3.9500E-01 -7.7409E+00  2.5909E-01  2.2239E-01 -0.0000E+00 -8.2223E+00
  4.0000E-01 -7.6638E+00  2.6715E-01  2.2232E-01 -0.0000E+00 -8.1532E+00
  4.0500E-01 -7.5737E+00  2.7493E-01  2.2365E-01 -0.0000E+00 -8.0723E+00
  4.1000E-01 -7.5030E+00  2.8297E-01  2.2330E-01 -0.0000E+00 -8.0092E+00
  4.1500E-01 -7.4222E+00  2.9089E-01  2.2432E-01 -0.0000E+00 -7.9374E+00
  4.2000E-01 -7.3553E+00  2.9928E-01  2.2320E-01 -0.0000E+00 -7.8778E+00
  4.2500E-01 -7.2737E+00  3.0734E-01  2.2350E-01 -0.0000E+00 -7.8046E+00
  4.3000E-01 -7.2082E+00  3.1551E-01  2.2235E-01 -0.0000E+00 -7.7460E+00
  4.3500E-01 -7.1317E+00  3.2355E-01  2.2257E-01 -0.0000E+00 -7.6778E+00
  4.4000E-01 -7.0711E+00  3.3189E-01  2.2095E-01 -0.0000E+00 -7.6239E+00
  4.4500E-01 -7.0007E+00  3.3990E-01  2.2088E-01 -0.0000E+00 -7.5615E+00
  4.5000E-01 -6.9456E+00  3.4814E-01  2.1914E-01 -0.0000E+00 -7.5129E+00
  4.5500E-01 -6.8784E+00  3.5626E-01  2.1876E-01 -0.0000E+00 -7.4534E+00
  4.6000E-01 -6.8238E+00  3.6484E-01  2.1621E-01 -0.0000E+00 -7.4048E+00
  4.6500E-01 -6.7596E+00  3.7307E-01  2.1518E-01 -0.0000E+00 -7.3479E+00
  4.7000E-01 -6.7099E+00  3.8133E-01  2.1279E-01 -0.0000E+00 -7.3040E+00
  4.7500E-01 -6.6485E+00  3.8948E-01  2.1173E-01 -0.0000E+00 -7.2497E+00
  4.8000E-01 -6.5997E+00  3.9790E-01  2.0892E-01 -0.0000E+00 -7.2066E+00
  4.8500E-01 -6.5427E+00  4.0595E-01  2.0778E-01 -0.0000E+00 -7.1564E+00
  4.9000E-01 -6.4964E+00  4.1418E-01  2.0505E-01 -0.0000E+00 -7.1156E+00
  4.9500E-01 -6.4406E+00  4.2231E-01  2.0365E-01 -0.0000E+00 -7.0666E+00
  5.0000E-01 -6.3955E+00  4.3099E-01  1.9993E-01 -0.0000E+00 -7.0264E+00
  5.0500E-01 -6.3453E+00  4.3927E-01  1.9783E-01 -0.0000E+00 -6.9824E+00
  5.1000E-01 -6.3071E+00  4.4748E-01  1.9458E-01 -0.0000E+00 -6.9492E+00
  5.1500E-01 -6.2590E+00  4.5562E-01  1.9259E-01 -0.0000E+00 -6.9072E+00
  5.2000E-01 -6.2202E+00  4.6401E-01  1.8896E-01 -0.0000E+00 -6.8732E+00
  5.2500E-01 -6.1758E+00  4.7199E-01  1.8708E-01 -0.0000E+00 -6.8348E+00
  5.3000E-01 -6.1398E+00  4.8017E-01  1.8366E-01 -0.0000E+00 -6.8036E+00
  5.3500E-01 -6.0944E+00  4.8829E-01  1.8152E-01 -0.0000E+00 -6.7642E+00
  5.4000E-01 -6.0586E+00  4.9677E-01  1.7746E-01 -0.0000E+00 -6.7329E+00
  5.4500E-01 -6.0194E+00  5.0483E-01  1.7512E-01 -0.0000E+00 -6.6994E+00
  5.5000E-01 -5.9906E+00  5.1294E-01  1.7151E-01 -0.0000E+00 -6.6751E+00
  5.5500E-01 -5.9531E+00  5.2102E-01  1.6912E-01 -0.0000E+00 -6.6433E+00
  5.6000E-01 -5.9235E+00  5.2930E-01  1.6521E-01 -0.0000E+00 -6.6180E+00
  5.6500E-01 -5.8888E+00  5.3715E-01  1.6310E-01 -0.0000E+00 -6.5890E+00
  5.7000E-01 -5.8609E+00  5.4518E-01  1.5960E-01 -0.0000E+00 -6.5657E+00
  5.7500E-01 -5.8249E+00  5.5317E-01  1.5735E-01 -0.0000E+00 -6.5354E+00
  5.8000E-01 -5.7982E+00  5.6151E-01  1.5322E-01 -0.0000E+00 -6.5130E+00
  5.8500E-01 -5.7688E+00  5.6941E-01  1.5097E-01 -0.0000E+00 -6.4892E+00
  5.9000E-01 -5.7489E+00  5.7736E-01  1.4759E-01 -0.0000E+00 -6.4738E+00
  5.9500E-01 -5.7218E+00  5.8530E-01  1.4531E-01 -0.0000E+00 -6.4524E+00
  6.0000E-01 -5.7011E+00  5.9345E-01  1.4154E-01 -0.0000E+00 -6.4361E+00
  6.0500E-01 -5.6764E+00  6.0119E-01  1.3967E-01 -0.0000E+00 -6.4172E+00
  6.1000E-01 -5.6579E+00  6.0905E-01  1.3659E-01 -0.0000E+00 -6.4035E+00
  6.1500E-01 -5.6321E+00  6.1692E-01  1.3464E-01 -0.0000E+00 -6.3837E+00
  6.2000E-01 -5.6150E+00  6.2506E-01  1.3101E-01 -0.0000E+00 -6.3710E+00
  6.2500E-01 -5.5947E+00  6.3280E-01  1.2944E-01 -0.0000E+00 -6.3569E+00
  6.3000E-01 -5.5830E+00  6.4060E-01  1.2671E-01 -0.0000E+00 -6.3503E+00
  6.3500E-01 -5.5651E+00  6.4843E-01  1.2504E-01 -0.0000E+00 -6.3385E+00
  6.4000E-01 -5.5536E+00  6.5644E-01  1.2195E-01 -0.0000E+00 -6.3320E+00
  6.4500E-01 -5.5380E+00  6.6409E-01  1.2083E-01 -0.0000E+00 -6.3229E+00
  6.5000E-01 -5.5287E+00  6.7188E-01  1.1848E-01 -0.0000E+00 -6.3191E+00
  6.5500E-01 -5.5126E+00  6.7967E-01  1.1730E-01 -0.0000E+00 -6.3095E+00
  6.6000E-01 -5.5050E+00  6.8763E-01  1.1466E-01 -0.0000E+00 -6.3073E+00
  6.6500E-01 -5.4945E+00  6.9523E-01  1.1426E-01 -0.0000E+00 -6.3040E+00
  6.7000E-01 -5.4914E+00  7.0301E-01  1.1249E-01 -0.0000E+00 -6.3069E+00
  6.7500E-01 -5.4816E+00  7.1077E-01  1.1185E-01 -0.0000E+00 -6.3042E+00
  6.8000E-01 -5.4790E+00  7.1865E-01  1.0997E-01 -0.0000E+00 -6.3076E+00
  6.8500E-01 -5.4724E+00  7.2622E-01  1.1015E-01 -0.0000E+00 -6.3088E+00
  6.9000E-01 -5.4727E+00  7.3401E-01  1.0899E-01 -0.0000E+00 -6.3157E+00
  6.9500E-01 -5.4666E+00  7.4180E-01  1.0895E-01 -0.0000E+00 -6.3173E+00
  7.0000E-01 -5.4694E+00  7.4967E-01  1.0770E-01 -0.0000E+00 -6.3268E+00
  7.0500E-01 -5.4688E+00  7.5725E-01  1.0873E-01 -0.0000E+00 -6.3348E+00
  7.1000E-01 -5.4752E+00  7.6504E-01  1.0838E-01 -0.0000E+00 -6.3487E+00
  7.1500E-01 -5.4745E+00  7.7283E-01  1.0921E-01 -0.0000E+00 -6.3566E+00
  7.2000E-01 -5.4822E+00  7.8071E-01  1.0878E-01 -0.0000E+00 -6.3717E+00
  7.2500E-01 -5.4858E+00  7.8832E-01  1.1060E-01 -0.0000E+00 -6.3847E+00
  7.3000E-01 -5.4962E+00  7.9612E-01  1.1113E-01 -0.0000E+00 -6.4035E+00
  7.3500E-01 -5.5007E+00  8.0394E-01  1.1287E-01 -0.0000E+00 -6.4175E+00
  7.4000E-01 -5.5151E+00  8.1189E-01  1.1327E-01 -0.0000E+00 -6.4403E+00
  7.4500E-01 -5.5267E+00  8.1961E-01  1.1598E-01 -0.0000E+00 -6.4623E+00
  7.5000E-01 -5.5446E+00  8.2745E-01  1.1758E-01 -0.0000E+00 -6.4896E+00
  7.5500E-01 -5.5537E+00  8.3529E-01  1.2032E-01 -0.0000E+00 -6.5093E+00
  7.6000E-01 -5.5718E+00  8.4332E-01  1.2162E-01 -0.0000E+00 -6.5368E+00
  7.6500E-01 -5.5884E+00  8.5120E-01  1.2512E-01 -0.0000E+00 -6.5648E+00
  7.7000E-01 -5.6128E+00  8.5910E-01  1.2784E-01 -0.0000E+00 -6.5997E+00
  7.7500E-01 -5.6303E+00  8.6700E-01  1.3173E-01 -0.0000E+00 -6.6290E+00
  7.8000E-01 -5.6571E+00  8.7512E-01  1.3429E-01 -0.0000E+00 -6.6665E+00
  7.8500E-01 -5.6825E+00  8.8323E-01  1.3866E-01 -0.0000E+00 -6.7044E+00
  7.9000E-01 -5.7153E+00  8.9131E-01  1.4229E-01 -0.0000E+00 -6.7489E+00
  7.9500E-01 -5.7385E+00  8.9932E-01  1.4750E-01 -0.0000E+00 -6.7853E+00
  8.0000E-01 -5.7699E+00  9.0745E-01  1.5130E-01 -0.0000E+00 -6.8287E+00
  8.0500E-01 -5.8016E+00  9.1573E-01  1.5675E-01 -0.0000E+00 -6.8741E+00
  8.1000E-01 -5.8432E+00  9.2407E-01  1.6132E-01 -0.0000E+00 -6.9286E+00
  8.1500E-01 -5.8788E+00  9.3216E-01  1.6816E-01 -0.0000E+00 -6.9791E+00
  8.2000E-01 -5.9211E+00  9.4034E-01  1.7372E-01 -0.0000E+00 -7.0352E+00
  8.2500E-01 -5.9622E+00  9.4890E-01  1.8012E-01 -0.0000E+00 -7.0913E+00
  8.3000E-01 -6.0132E+00  9.5758E-01  1.8548E-01 -0.0000E+00 -7.1563E+00
  8.3500E-01 -6.0579E+00  9.6573E-01  1.9405E-01 -0.0000E+00 -7.2177E+00
  8.4000E-01 -6.1095E+00  9.7399E-01  2.0123E-01 -0.0000E+00 -7.2847E+00
  8.4500E-01 -6.1588E+00  9.8283E-01  2.0856E-01 -0.0000E+00 -7.3502E+00
  8.5000E-01 -6.2225E+00  9.9184E-01  2.1482E-01 -0.0000E+00 -7.4292E+00
  8.5500E-01 -6.2885E+00  1.0000E+00  2.2520E-01 -0.0000E+00 -7.5137E+00
  8.6000E-01 -6.3600E+00  1.0084E+00  2.3441E-01 -0.0000E+00 -7.6028E+00
  8.6500E-01 -6.4195E+00  1.0175E+00  2.4328E-01 -0.0000E+00 -7.6803E+00
  8.7000E-01 -6.4873E+00  1.0270E+00  2.5032E-01 -0.0000E+00 -7.7646E+00
  8.7500E-01 -6.5645E+00  1.0354E+00  2.6206E-01 -0.0000E+00 -7.8619E+00
  8.8000E-01 -6.6587E+00  1.0437E+00  2.7382E-01 -0.0000E+00 -7.9762E+00
  8.8500E-01 -6.7329E+00  1.0527E+00  2.8465E-01 -0.0000E+00 -8.0702E+00
  8.9000E-01 -6.8144E+00  1.0626E+00  2.9266E-01 -0.0000E+00 -8.1697E+00
  8.9500E-01 -6.9111E+00  1.0716E+00  3.0517E-01  0.0000E+00 -8.2879E+00
  9.0000E-01 -7.0309E+00  1.0799E+00  3.1836E-01  0.0000E+00 -8.4292E+00
  9.0500E-01 -7.1339E+00  1.0887E+00  3.3224E-01  0.0000E+00 -8.5548E+00
  9.1000E-01 -7.2341E+00  1.0986E+00  3.4265E-01  0.0000E+00 -8.6753E+00
  9.1500E-01 -7.3379E+00  1.1082E+00  3.5553E-01  0.0000E+00 -8.8016E+00
  9.2000E-01 -7.4724E+00  1.1172E+00  3.6930E-01  0.0000E+00 -8.9589E+00
  9.2500E-01 -7.6010E+00  1.1252E+00  3.8623E-01  0.0000E+00 -9.1125E+00
  9.3000E-01 -7.7479E+00  1.1335E+00  4.0220E-01  0.0000E+00 -9.2836E+00
  9.3500E-01 -7.8798E+00  1.1441E+00  4.1541E-01  0.0000E+00 -9.4393E+00
  9.4000E-01 -8.0172E+00  1.1553E+00  4.2612E-01  0.0000E+00 -9.5986E+00
  9.4500E-01 -8.1624E+00  1.1631E+00  4.4560E-01  0.0000E+00 -9.7711E+00
  9.5000E-01 -8.3485E+00  1.1697E+00  4.6649E-01  0.0000E+00 -9.9847E+00
  9.5500E-01 -8.5018E+00  1.1801E+00  4.8090E-01  0.0000E+00 -1.0163E+01
  9.6000E-01 -8.6255E+00  1.1919E+00  4.9249E-01  0.0000E+00 -1.0310E+01
  9.6500E-01 -8.7129E+00  1.2022E+00  5.1067E-01  0.0000E+00 -1.0426E+01
  9.7000E-01 -8.7715E+00  1.2112E+00  5.3288E-01  0.0000E+00 -1.0516E+01
  9.7500E-01 -8.7072E+00  1.2234E+00  5.5109E-01  0.0000E+00 -1.0482E+01
  9.8000E-01 -8.4720E+00  1.2361E+00  5.7441E-01  0.0000E+00 -1.0283E+01
  9.8500E-01 -7.9167E+00  1.2515E+00  6.0204E-01  0.0000E+00 -9.7703E+00
  9.9000E-01 -6.8271E+00  1.2875E+00  6.0159E-01  0.0000E+00 -8.7162E+00
  9.9500E-01 -5.4708E+00  1.3414E+00  5.7792E-01  0.0000E+00 -7.3901E+00
